4.866138100624084473e-03
9.501947090029716492e-03
3.397843628287470445e-03
3.298378805629908952e-03
6.992224046923950845e-03
5.392741719260811875e-03
5.597917836275882741e-03
4.767532124533318226e-03
5.308370360871776661e-03
7.343971820082515270e-03
8.532554371049628009e-03
4.933256775839254399e-03
4.559590358985588301e-03
3.161083359736949292e-03
3.135469993576407450e-03
3.144722380675375305e-03
3.065514208283275262e-03
2.923361340072005900e-03
3.021907012443989307e-03
2.881949928123503802e-03
2.848026638384908334e-03
5.271374359144829005e-03
4.743143351806793778e-03
8.383610015735031007e-03
6.213944947812705816e-03
9.343815179890952935e-03
1.207600943511352026e-02
7.319504191400483251e-03
5.580446221865713492e-03
6.627750219195149839e-03
6.815969231241729605e-03
5.875998745905235479e-03
6.087155340064782233e-03
8.492739523353521128e-03
7.403244868619367203e-03
5.600640086049680014e-03
6.030784244358073677e-03
6.346229606424458498e-03
3.555214355583302503e-03
5.449418267962755427e-03
2.556485892200725894e-03
2.610539799788966654e-03
4.405084629543126046e-03
4.376696492545306856e-03
3.643607813864946452e-03
4.153000409278320010e-03
3.635045358678326132e-03
3.230646941519808076e-03
4.499313657433958412e-03
7.845836985507049360e-03
4.773732374305836475e-03
3.671579805231885846e-03
3.711905403906712482e-03
3.626927541336044843e-03
3.776150138000957703e-03
3.379661905491957406e-03
3.698118584725307474e-03
2.333672160675632698e-03
2.551657671574503183e-03
2.613322287797927804e-03
2.568269150797277637e-03
2.601741650141775782e-03
2.592801158316433360e-03
7.829557231161743402e-03
5.264453699928708409e-03
9.373991309628621274e-03
7.652732696151361147e-03
6.390477020759135172e-03
5.359876073780469978e-03
6.737464139878284602e-03
6.846559633850120286e-03
7.536989527288824597e-03
1.030039342556847252e-02
1.070893448399146998e-02
1.252739026448598109e-02
1.035149400529917357e-02
1.134539685561321634e-02
7.937931466440204670e-03
1.024243085703346878e-02
9.199264193885028223e-03
6.061513865715823825e-03
1.732782353181391843e-02
7.698275995255466665e-03
8.082378723192959816e-03
8.977673664921893837e-03
9.971228990470990330e-03
6.716819754219613588e-03
6.597434029681607977e-03
7.806443474546540667e-03
1.194331936101662023e-02
5.486837858479702741e-03
5.143836750648916011e-03
5.142334263218799328e-03
6.183564653620124071e-03
5.995728399138897796e-03
7.299681412987411334e-03
5.311142769060097323e-03
1.165223296033218552e-02
9.803323559463023723e-03
7.367840618244371996e-03
7.128699037712067470e-03
5.179640818387270390e-03
4.706148463010322198e-03
5.009027842897921697e-03
1.395664341689553146e-02
3.728115945170652756e-02
2.102514649275690276e-02
2.336677521467208848e-02
2.188802355900406824e-02
2.326783832046203440e-02
2.101672865450382108e-02
2.532530547585338382e-02
1.144664320279844064e-02
1.314045048959087622e-02
5.419244841323234314e-03
5.819595656066667462e-03
2.707890606252476729e-03
3.111385491210967233e-03
3.194818166084587366e-03
3.279101692605763518e-03
5.075125460280105472e-03
5.032865401299204886e-03
5.500896255834959031e-03
3.907366865896619822e-03
7.234750077768694991e-03
5.617896670009940585e-03
5.378342024632729382e-03
6.557065041852183987e-03
4.100108927232213631e-03
9.959198551077861131e-03
5.197902474319562698e-03
3.864580444933380775e-03
7.077722519752569809e-03
5.066583460429683466e-03
5.859668790217256382e-03
8.213393995538354267e-03
8.106025700690223934e-03
1.525726896652486106e-02
1.029968579066917363e-02
1.052022737757378826e-02
9.486732145887799561e-03
9.391472919378428957e-03
9.017218479420989474e-03
6.737868042400805245e-03
1.398162960307672634e-02
1.316383675643010079e-02
1.755755694932304226e-02
8.322303800377994429e-03
7.647655239270534540e-03
6.120633484097197548e-03
7.573929163190769136e-03
7.475593972194474225e-03
3.552481067599728894e-03
3.121324572712183207e-03
3.318260123487562149e-03
3.508631996810436179e-03
6.776812353637069394e-03
5.547378369374200875e-03
6.829539005411788995e-03
7.637087455950677256e-03
8.765083382895682076e-03
1.441258224193006816e-02
1.186870058416388853e-02
1.151869358029216500e-02
6.713062927010468930e-03
8.250947515480220804e-03
7.309160254953895111e-03
6.993856026674620530e-03
5.698171117110177597e-03
3.471656476613133990e-03
3.816192562226206064e-03
3.440006270539015462e-03
3.249870315194130100e-03
1.106316153434853955e-02
9.785547060891986240e-03
1.341256107530081759e-02
1.081957330461591482e-02
1.527956553676631385e-02
1.600910365581512465e-02
1.353228183346800485e-02
1.358565202681347693e-02
1.132301054545678184e-02
8.606399795389733931e-03
8.097345731221139778e-03
8.443508503901563447e-03
1.546691356459632509e-02
1.305061046150512993e-02
9.349808392580599356e-03
1.130775434721726855e-02
1.011961789801716846e-02
1.230061781127005788e-02
1.512354344828054260e-02
1.585589850204996779e-02
2.427146824542433107e-02
1.749443191452883239e-02
1.727469682227820297e-02
1.268746149318758336e-02
1.279013259685598397e-02
1.035064628114923911e-02
9.598072230146499975e-03
3.595795319415629084e-03
3.784036426804959601e-03
8.553005874786964030e-03
5.984532898291945041e-03
8.396289474330843189e-03
9.467135037411936183e-03
9.121378163108602444e-03
1.112723836558870971e-02
1.024709502991754534e-02
1.676327529130503674e-02
6.747452823619823521e-03
9.052425970439799061e-03
6.950280236196704209e-03
5.236108503886498233e-03
7.341706286970292941e-03
5.585597400786354930e-03
8.007982458220794936e-03
1.425333148936446491e-02
1.325249149929732043e-02
1.395250169560313148e-02
1.445100928249303321e-02
1.013466689968481674e-02
1.397506536217406337e-02
1.008578215900342995e-02
1.011606070795096485e-02
9.255754307378082774e-03
1.059728127904236393e-02
7.059621099033392896e-03
7.830842011026106428e-03
1.060821379651315580e-02
1.066386991355102593e-02
1.153823668981203768e-02
1.342555831477511633e-02
2.373611508461180922e-02
1.899453563451328555e-02
1.661490022321231511e-02
1.275440852623432875e-02
1.292058221879415283e-02
9.621237685205414475e-03
1.344924359582364524e-02
7.088937645021360125e-03
1.094214116339571781e-02
8.425340923131442727e-03
5.899365295190364504e-03
8.412283138895873535e-03
1.102817734121344997e-02
8.911875259364022972e-03
1.736864913373767361e-02
1.899825669359415936e-02
4.124166516587138287e-02
3.207749207969754629e-02
3.040559201268479284e-02
2.415440592449158430e-02
2.895346314646303487e-02
3.004993954440578902e-02
1.983095329604111709e-02
1.580887538380921012e-02
1.692094309371896046e-02
5.542636030877474279e-03
3.689313260838389570e-03
3.706381958909332926e-03
3.694526767358184000e-03
6.306098709465004538e-03
6.383724769111722569e-03
7.069432026473805412e-03
6.083437182242051010e-03
1.099419268080964636e-02
1.076182335964404047e-02
7.184214682783931355e-03
1.126515943906269968e-02
6.072075396659783707e-03
7.338882113108411223e-03
1.292744565173052293e-02
2.403226848342455979e-02
1.617228527786210290e-02
2.746693646535277450e-02
3.581507635535672446e-02
2.643274944275617738e-02
2.434237682260572896e-02
2.276773925637826448e-02
2.277929513715207591e-02
1.900676229037344400e-02
1.901698730885982569e-02
6.326246700773481557e-03
1.684064988396130613e-02
1.836813496658578487e-02
2.090622811811044743e-02
2.141839941614307602e-02
1.518257059913594338e-02
2.308775150333531104e-02
2.532153511885553571e-02
1.922603125218301859e-02
1.004139570984989398e-02
7.433767642942257572e-03
7.597758297342807089e-03
6.883002098184078967e-03
7.204194185324013650e-03
1.601169426634442214e-02
7.645816051517612816e-03
6.979611705173738127e-03
7.408200395293534218e-03
8.170549652131740143e-03
6.516652448917739301e-03
6.889392581942956756e-03
7.016996730526443328e-03
1.137098790000891368e-02
5.498863378306850791e-03
2.165241135113245285e-02
2.094890402746386882e-02
1.533528403553646030e-02
1.998156525194644956e-02
1.738876916759181726e-02
1.948477807105518725e-02
2.833635446499101901e-02
1.638479244662448611e-02
8.979918709374033400e-03
4.561575007392093886e-03
5.296329548582434481e-03
4.768345316406339719e-03
9.019493861123918654e-03
7.582610596728045493e-03
1.067403739754809074e-02
1.147131321253255093e-02
8.257942330674268236e-03
8.625131021253763797e-03
8.966307198570576398e-03
1.085447840363485718e-02
7.491995888995006507e-03
5.003503443440422693e-03
9.622396301128901402e-03
1.284858433529734688e-02
8.412208026275038580e-03
1.343807209108490580e-02
1.584152249182807157e-02
2.546633114609136994e-02
1.949190673651173683e-02
3.511333141941577057e-02
6.602471979448990003e-02
4.433915709145366812e-02
4.455564494244754203e-02
4.408355090767145101e-02
3.550655548693612551e-02
2.891913184314034990e-02
2.857176859863102408e-02
2.331896160612813990e-02
6.870077375788241278e-03
1.076063499203883111e-02
5.783022754476405472e-03
5.053128509316593721e-03
4.936100896447897374e-03
4.956474329228513151e-03
4.912700271233916283e-03
5.090587653685360765e-03
1.512569846701808211e-02
1.195585815585218335e-02
1.043060333642643021e-02
1.792266628472134402e-02
1.611552550224587196e-02
2.434074114542454648e-02
2.733769101556390510e-02
3.478263358485099432e-02
5.095978628378361464e-02
3.027229044819250772e-02
3.161135122440207612e-02
2.322601678548380857e-02
2.857484569426114659e-02
2.124590071383863563e-02
1.893964073969982634e-02
1.843619799474254320e-02
2.219657424138858984e-02
1.080708169261924978e-02
1.800529870717805167e-02
2.305007613264024174e-02
1.719400119385681991e-02
1.737539341324009085e-02
1.618437394965439868e-02
1.802037169458344662e-02
2.398683132603764492e-02
1.633361332991626128e-02
1.794427597837057117e-02
4.510296297376044372e-03
7.478855765657499606e-03
1.482699368498288130e-02
1.048150756745599294e-02
1.474888675832463497e-02
3.072611635201610500e-02
3.229266656562686244e-02
2.872481335652992199e-02
4.341183023992925549e-02
4.160269407555460680e-02
2.923301134025678080e-02
4.600755567196756352e-02
4.277756924973800945e-02
6.885170355439186596e-02
2.799937608651816706e-02
3.052558325929567370e-02
2.535871749510988649e-02
1.281974737532436820e-02
1.371215608669444988e-02
9.900909126051427381e-03
8.581492532975971976e-03
1.548325644136639388e-02
