3.964453887939453125e+01
3.438040924072265625e+01
2.536785861849784851e+01
3.683255779266357166e+01
2.004126398801803433e+01
2.222519371986389203e+01
3.239053163051605111e+01
2.806139817237853862e+01
3.081219162464141803e+01
4.200704829692840292e+01
4.297604314327239905e+01
2.403722740173340000e+01
2.490031566143035846e+01
2.578154204368591351e+01
2.518649968624114877e+01
1.638606724500656142e+01
1.825710357069969092e+01
1.798750381946563692e+01
1.653797357559204073e+01
1.406252445697784381e+01
1.453192979335784862e+01
1.620682087421417350e+01
1.573038146018981998e+01
1.657032557487487878e+01
1.612314384222030483e+01
1.953220505714416433e+01
1.338971310853958130e+01
1.413935731887817404e+01
1.162482056856155310e+01
1.609957582473754911e+01
1.347177239418029870e+01
1.278715914011001509e+01
1.302581079006194997e+01
1.401125114440917940e+01
7.969416971206665146e+00
8.502888925075531290e+00
8.337015295028686879e+00
7.522217121124267436e+00
8.774301772117615528e+00
8.477187206745147918e+00
8.192965083122253134e+00
8.041205276846886463e+00
7.559506464004516424e+00
7.075246880054473664e+00
6.688700537681580016e+00
7.760729451179503968e+00
7.475466408729553258e+00
7.034977130889892294e+00
6.681834096908569443e+00
7.473323693275451873e+00
5.081522469520568741e+00
4.736463036537170268e+00
4.802492477893829381e+00
4.225663563013076995e+00
4.372839717864990483e+00
3.849951798915863144e+00
4.250119706392288421e+00
4.033273354768753372e+00
3.854778048992157036e+00
4.159442019462585627e+00
1.194438816547393856e+01
3.981710710525512553e+01
1.839555159330367928e+01
1.904238508224487347e+01
3.905123535394668721e+00
1.082785856127738988e+01
2.702503624439239616e+01
3.200731356143951434e+00
3.753134212493896449e+00
3.058300760984420830e+00
3.636821767091751312e+00
3.607624366283416872e+00
3.171640861034393133e+00
3.482965891361236466e+00
3.616190553903579907e+00
3.452669332027435090e+00
3.590301737785339231e+00
3.553372387886047257e+00
3.721605606079101403e+00
3.643519585132598770e+00
3.353275706768036102e+00
4.320859161615371313e+00
3.938560535907745574e+00
1.298184611082077033e+01
1.325775763630866955e+01
1.298466255068779063e+01
1.317407162547111454e+01
2.233865501403808551e+01
1.290737436532974236e+01
1.388838318586349452e+01
6.540321646690368596e+01
5.218019037246703817e+01
8.815502562522887331e+00
9.701773534774780217e+01
7.474562127113341603e+01
1.330007539653778110e+02
9.003911190986633528e+01
1.138039757347106899e+02
1.115813108253478987e+02
9.518320249080657902e+01
1.286838440704345601e+02
1.118356490087509201e+02
6.104925900459289778e+01
7.165236546993256184e+01
7.493647068977355730e+01
5.895840509891510095e+01
3.704438115596771297e+01
4.697229717254638359e+01
1.002961729907989508e+02
9.110746676445006642e+01
1.214551591587066639e+02
1.568519538116455010e+02
1.029546616268157919e+02
1.447065365791320914e+02
2.067623055553436302e+02
2.106004545783996491e+02
9.941795894622802621e+01
1.064122917938232433e+02
1.903650406742095811e+02
2.182152670001983665e+02
1.711420926380157539e+02
2.038341810894012553e+02
2.772308466148376738e+02
1.442143483257293610e+02
1.428459111118316684e+02
2.256820125961303631e+02
1.345484861564636105e+02
1.412471447658538750e+02
1.938306249427795365e+02
2.178732551383972122e+02
2.882581928443908623e+02
1.743935127449035747e+02
3.059615339279174577e+02
2.228410593223571823e+02
2.486311616325378395e+02
2.415701301765441826e+02
1.804841652679443484e+02
2.021943228912353447e+02
1.550821031188964980e+02
1.700117548561096328e+02
1.073088257789611788e+02
1.337312100791931186e+02
4.348879624366760055e+01
9.250574516773224332e+01
1.925463349723816009e+02
9.265597516059875716e+01
8.270293807029723610e+01
2.578732497215271025e+01
4.007031617164611959e+01
1.724501859903335443e+01
4.467539518833160628e+01
6.945539155006409260e+01
7.374644075393676701e+01
4.692929566860198776e+01
9.545360414028168350e+01
1.104610200405120821e+02
1.015578081178665144e+02
1.507418082380294777e+02
1.016886594867706322e+02
7.577303828239440975e+01
5.476058753490448083e+01
6.879906711578368572e+01
4.417072504043579073e+01
7.748377774238586824e+01
4.708649679660797460e+01
6.651970728874206884e+01
4.165360670566558809e+01
3.401117566108703727e+01
5.176400980472564584e+01
7.578868397712707861e+01
7.829846852302551952e+01
4.656869526863098230e+01
3.965958072662353828e+01
3.442566844940185433e+01
4.734212162971496696e+01
5.350562816143035860e+01
8.935277487754821379e+01
3.039869378566741887e+01
6.136155676364898426e+01
3.670400982379913302e+01
5.518082365512847787e+01
4.650437222957611283e+01
5.120755483627319649e+01
2.757225160121917895e+01
1.092977534484863327e+02
1.508222153186798131e+01
3.454210999488830680e+01
4.125788515090942354e+01
4.563476369857787773e+01
3.976520578861236288e+01
4.849984368324280126e+01
5.669027674674988049e+01
4.621956336021423084e+01
3.326442382335662984e+01
5.624041044235229236e+01
7.539831022262573867e+01
4.205002653598785400e+01
3.988986711502074911e+01
6.731457651615143334e+01
2.779278805732727164e+01
1.599099179744720445e+01
1.877042907238006464e+01
3.187637000560760470e+01
4.695999787330627129e+01
2.148522298336029124e+01
2.746637253284454516e+01
1.355446998596191399e+01
2.895376821517944421e+01
3.845287183761596594e+01
2.032451040267944364e+01
2.889220237731933594e+01
3.926715675354003565e+01
4.301989920616149732e+01
3.528602914810180380e+01
6.515058634281157879e+01
2.944083724975585881e+01
5.480481706619262638e+01
2.892920465469360281e+01
5.320204404830932532e+01
3.016828431129455623e+01
4.916045051574707259e+01
2.975088298797607322e+01
4.895139748573303251e+01
3.397046609401702710e+01
4.161886185646056902e+01
4.660451432704925878e+01
3.049882124423980656e+01
4.203224398612976387e+01
1.578859016418457095e+01
2.018454278945922908e+01
3.275518884658813334e+01
5.054261899948119918e+01
4.873002170562744340e+01
2.467073512554168602e+01
2.694313449859619070e+01
2.442806038379669076e+01
4.178987625122070426e+01
3.457095190525055273e+01
2.243726285457611169e+01
2.917669598579406909e+01
2.826395158767700266e+01
2.564606688022613667e+01
2.233515123367309485e+01
2.006122828960418758e+01
2.538953382968902517e+01
2.584269471168517995e+01
1.996928538322448787e+01
1.606023503303527988e+01
1.730268429756164394e+01
1.335395551204681475e+01
1.206608810424804723e+01
1.472686186790466323e+01
2.210914278984069981e+01
3.587291111946105815e+01
2.102088701725006104e+01
2.682480113983154268e+01
3.368385901451110698e+01
2.148997585296631030e+01
3.788470542907715100e+01
3.712850653648376209e+01
3.528381029129027979e+01
2.383654241561889719e+01
4.118700977325439538e+01
3.592321865081787280e+01
5.978652847290039318e+01
3.035253057479858541e+01
5.979113305091858166e+01
2.782375401496887335e+01
1.948592481136321908e+01
2.304226214408874540e+01
3.092934633255005039e+01
1.737086919784545813e+01
1.857108261108398395e+01
2.141113353729248203e+01
1.593842557907104407e+01
3.296368920326232654e+01
2.388754814624786249e+01
1.692017637729644619e+01
2.093332429409026929e+01
2.416286094665527173e+01
3.196943375587463265e+01
2.386473633766174274e+01
2.500447066307067701e+01
1.281743615150451632e+01
1.770629873752594108e+01
2.277080245018005300e+01
1.881171413421630945e+01
1.573497164726257402e+01
1.709983779907226520e+01
1.658010408878326558e+01
3.378461091041565112e+01
2.267674388885497905e+01
2.914145887374877830e+01
2.499840054035186654e+01
2.670551383018493752e+01
3.242937494277953903e+01
1.698291403770446806e+01
2.776300251483917236e+01
2.496575407505035571e+01
1.999459686756134147e+01
1.916234028816223045e+01
1.594798872947692914e+01
2.525294234752654887e+01
2.775496579170227207e+01
1.908142507076263428e+01
2.177892401695251579e+01
2.367862968921661349e+01
2.199679561138152906e+01
2.053711676597595215e+01
2.536952605247497416e+01
1.713854190349578843e+01
1.776887309074401955e+01
2.183300489902496366e+01
3.465160643577575428e+01
1.958283285617828540e+01
2.145825418472290025e+01
2.995948238372802663e+01
1.777679634094238281e+01
2.029449925422668599e+01
2.958675488948821908e+01
2.528061999320983944e+01
2.158702810287475415e+01
2.134312973022461080e+01
3.553891794204712085e+01
2.525650909423828239e+01
2.289382292747497516e+01
1.652545425415038949e+01
1.424679522514343333e+01
1.954147851705551275e+01
1.854934280633926491e+01
1.475146256446838322e+01
1.990439922809600759e+01
1.343231949806213343e+01
4.630870959758758687e+01
1.482957442283630378e+01
1.734320274353027358e+01
2.368874656200408779e+01
2.189691227912902960e+01
2.309315822601318402e+01
1.160714958190918011e+01
1.265160887718200655e+01
1.883386047363281079e+01
9.373683905601501110e+00
1.049169181346893254e+01
1.111482423782348583e+01
1.286779614448547449e+01
1.026237761974334717e+01
1.090049368858337431e+01
1.135181721687316880e+01
9.502887833118439431e+00
1.621051115036010870e+01
1.580068090438842709e+01
1.854378968238830439e+01
1.233087342739105274e+01
2.159847184658050523e+01
2.186613628864288472e+01
1.667251326560974078e+01
2.312349602222442613e+01
1.935782503604889015e+01
2.201766647338867244e+01
2.555697839260101389e+01
2.486354525566100904e+01
2.712084076881408734e+01
1.885308944702148537e+01
2.397065122127532888e+01
1.949829746723175106e+01
3.445935496807098275e+01
1.113301081657409597e+01
3.405095958709716797e+01
2.961988195896148568e+01
3.179500469207763658e+01
3.485360131263733052e+01
2.180667693138122587e+01
3.291637634277343949e+01
1.962841072082519389e+01
1.647646801948547335e+01
1.380679147720336886e+01
1.825363657951355023e+01
1.806987758636474695e+01
1.321992741584777775e+01
1.471312806129455630e+01
1.795551114082336497e+01
2.074438238143920898e+01
2.757753232479095473e+01
3.357949521064758613e+01
1.963181239604950079e+01
2.353522651672363253e+01
2.042002580642700238e+01
1.951198839187621914e+01
1.934206000328063979e+01
1.490903249740600600e+01
2.249504159927368008e+01
2.301563297271728459e+01
2.108717484951019117e+01
3.448403744697570517e+01
1.486980063438415556e+01
2.142080585002899085e+01
1.281561867713928216e+01
1.760109395980834890e+01
2.334616777896881246e+01
2.152610966682433968e+01
2.061864169120788404e+01
2.233157155513763570e+01
1.938081250667572064e+01
1.998055206775665127e+01
2.322213105201721106e+01
1.704779657363891587e+01
1.761163529396057115e+01
2.425107011795044087e+01
2.414381470680236674e+01
2.053812417984008931e+01
1.819769351005554370e+01
1.543438760757446282e+01
1.779142768859863111e+01
1.998318256378173885e+01
2.172185758590698157e+01
1.839097792625427275e+01
2.117809047222137409e+01
1.917593920230865479e+01
1.756967960357665959e+01
1.957227014064788762e+01
1.179847985267639210e+01
1.645141778945922795e+01
1.602209553718567037e+01
1.909411683082580424e+01
2.699312001228332392e+01
1.532748542785644474e+01
1.890552803039550867e+01
1.555737166404724192e+01
2.010207054615020894e+01
2.029008592605590877e+01
1.807150614738464256e+01
2.255848021984100171e+01
1.622961669921874872e+01
1.608587202072143540e+01
1.439225015640258754e+01
1.625315773487091064e+01
1.651944057464599780e+01
1.771555484771728572e+01
1.594499640941619845e+01
1.415564946174621497e+01
1.927864663600921702e+01
2.116626354694366441e+01
2.558947409629821834e+01
2.736559005737304773e+01
2.947930401802063116e+01
2.684498806953430261e+01
2.046049036026001033e+01
2.835169337749481144e+01
2.327183525085449389e+01
1.427637209892272985e+01
1.532809504032135095e+01
1.887364626407623192e+01
1.494060712337493868e+01
1.555513752460479715e+01
1.506632605075836118e+01
1.965272244930267220e+01
2.272142954826355066e+01
1.257000571489334106e+01
1.870148275375366254e+01
1.961102841377258343e+01
1.486220536708831830e+01
1.674095019340515123e+01
1.569225962162017751e+01
1.441041427612304737e+01
1.540711252212524407e+01
1.353562715530395444e+01
1.121455945014953670e+01
1.435331698417663659e+01
1.221030579566955510e+01
1.545045576572418256e+01
1.509765564441680930e+01
1.613685060024261375e+01
1.093959622859954806e+01
1.310222206115722621e+01
1.355790031194686840e+01
1.334405583381652782e+01
1.558035971641540485e+01
1.713222266197204746e+01
1.421570000171661441e+01
1.248423746109008725e+01
1.696481404304504537e+01
1.099672998428344783e+01
1.748221608161926355e+01
1.515274531364440946e+01
1.692611418247222943e+01
1.725944538116455007e+01
1.762767303466796776e+01
1.828263173580169720e+01
1.696848458290100226e+01
1.507665677547454841e+01
1.481905589580535931e+01
1.843716443061828514e+01
1.655816349983215474e+01
1.931018937110900779e+01
1.511374967575073214e+01
1.934194685459137020e+01
1.675778080463409481e+01
1.648347392082214213e+01
2.370475801944732552e+01
1.834385331153869458e+01
1.496748692989349294e+01
1.384429277420044002e+01
1.487205128192901604e+01
1.489341039657592702e+01
1.130024202346801765e+01
1.386062125205993567e+01
1.525138677120208719e+01
1.489910655021667552e+01
1.682058865547180204e+01
1.754884107589721509e+01
1.994899411678314038e+01
2.366313215255737390e+01
2.239727986812591709e+01
1.884328741550445585e+01
2.283144968986511358e+01
1.774912966251373447e+01
1.547125721931457498e+01
1.871866645812988139e+01
1.776246753692626967e+01
1.672109035015106215e+01
1.704943020820617505e+01
1.429383583307266292e+01
1.448326588630676248e+01
1.420448635101318402e+01
1.414502510547638003e+01
1.588920735836028975e+01
1.522963431119918809e+01
1.197861546993255644e+01
1.363091638565063413e+01
1.533131726741790857e+01
1.365988553047180254e+01
1.692026924133300625e+01
1.419599312305450489e+01
1.401041816711425803e+01
1.557902832508087165e+01
1.313071670532226598e+01
2.192547312259674186e+01
1.999115082263946519e+01
1.557854077816009486e+01
1.861701455116271831e+01
1.977865825176239056e+01
1.854593837738037010e+01
1.964536161899566480e+01
1.634458132743835534e+01
1.973484433174133201e+01
1.881067829132080149e+01
2.234547156810760526e+01
1.991800520896911664e+01
1.962381667613983183e+01
1.851404045104980511e+01
2.114743255615234219e+01
1.859961350440978833e+01
1.317010902404785178e+01
1.701857951164245719e+01
1.831469744682312140e+01
1.990937351226806484e+01
1.596654695510864208e+01
2.114994806289672979e+01
2.271206195831298658e+01
3.049353692054748421e+01
2.079942955017089901e+01
2.621339706420898352e+01
1.986137025356292796e+01
2.126398369789123421e+01
1.746995071411132727e+01
1.996171802997589140e+01
1.464433668613433781e+01
1.718356904029846177e+01
1.296625362396240178e+01
1.951592723369598303e+01
2.092327448844909554e+01
1.785722038745880269e+01
1.454919700622558665e+01
1.945850602626800452e+01
1.665925862312316852e+01
1.802670568943023710e+01
1.745457685470580955e+01
1.881183621406555062e+01
2.074576174736023049e+01
2.146927172660827665e+01
2.472819303512573086e+01
1.892478482723236155e+01
2.250918385028839097e+01
2.321922286987304673e+01
1.848024286746978717e+01
2.036725076913833732e+01
2.474342830657958814e+01
1.790986655712127629e+01
1.839057227134704675e+01
2.132790227413177320e+01
1.833624376296997127e+01
1.566338871479034367e+01
1.736097327232360854e+01
2.231710817337036090e+01
2.505502530097961511e+01
2.572269731521606317e+01
2.123214422225952092e+01
2.879767448425292997e+01
2.445488670349121207e+01
2.571918405532836971e+01
2.288716666698455882e+01
1.955086355209350657e+01
2.554781939506530719e+01
1.842341940879821749e+01
2.125974358558654842e+01
1.661814903736114601e+01
1.637475275039672695e+01
1.332004564762115528e+01
1.931800251007080149e+01
2.473917428970337085e+01
1.777624779701232782e+01
2.292424488067626953e+01
2.564638959407806240e+01
2.444369791507720890e+01
2.366890016078949088e+01
2.486329313755035386e+01
2.234713450431823745e+01
1.810222835063934355e+01
2.796647208213806124e+01
2.923155673980712876e+01
2.235851860046386719e+01
2.190993404388427734e+01
2.312077400207519418e+01
2.537508819580078168e+01
2.066402316093444824e+01
2.035562874317169246e+01
1.767879358768463050e+01
1.546015697002410860e+01
2.069217777252197266e+01
1.976699199676513530e+01
2.067139925956725932e+01
1.955744358062744226e+01
1.514138450622558629e+01
1.919141414642334098e+01
1.727233889579773063e+01
1.774655677318573055e+01
1.838172206401824837e+01
2.582922369003295771e+01
1.930695013999939036e+01
2.021327804565429531e+01
2.299761328697204732e+01
1.995066854953766011e+01
2.049639899253845243e+01
2.225338263511657644e+01
2.131002632141113295e+01
1.664422515869140540e+01
1.699382610321044851e+01
1.713224043369293170e+01
1.947330458641052076e+01
1.785010741233825726e+01
2.044006965160370015e+01
2.420951483726501507e+01
1.909090170860290669e+01
2.018301078796386605e+01
2.180178884506225501e+01
1.612552124023437372e+01
2.349546557426452509e+01
2.039211866378784066e+01
1.782939807415008460e+01
2.902129605293274039e+01
2.615048955917358242e+01
2.941256644248962360e+01
2.471479506492614675e+01
2.203197030067443762e+01
2.340179179191589398e+01
1.853374620437622156e+01
1.819895621299743738e+01
1.749819978713989244e+01
2.202642723083496179e+01
1.832291237831115893e+01
1.851915768623351966e+01
1.933802086830139189e+01
2.246050238609313965e+01
2.440746367931366123e+01
1.880992836952209402e+01
1.812031556129455723e+01
1.737692203998565788e+01
1.969864938259124898e+01
1.775420149326324548e+01
2.334262259483337232e+01
2.597858003616332923e+01
2.546074162483215275e+01
2.833478773117065330e+01
2.985506151676177922e+01
2.401384964942932143e+01
2.002445691347122292e+01
2.717393804550171055e+01
1.759911179542541504e+01
1.147931889533996497e+01
1.202291616916656558e+01
1.438145545005798276e+01
1.726622547149658260e+01
1.942906672000885138e+01
1.755827128410339455e+01
1.981516894340515123e+01
2.652483592510223431e+01
3.802392332077026538e+01
2.776458621978759922e+01
3.008055846214294604e+01
3.760399728775024641e+01
3.273181026458740206e+01
4.061827162265777247e+01
3.561423939228058089e+01
3.079186860084533706e+01
2.723585069656371971e+01
1.929951081752777142e+01
2.531475214004516516e+01
2.570936158180236930e+01
2.343933861017227116e+01
2.629464669227600027e+01
2.026445993900298959e+01
2.369717270851135282e+01
1.875706823348998853e+01
2.288028635501861530e+01
3.079952260017395105e+01
2.081879380226135368e+01
1.977832063674926744e+01
1.747230702877044806e+01
3.141952498435973951e+01
2.493206518173217745e+01
3.446698199272155705e+01
1.705197584152221779e+01
2.280794893741607510e+01
1.956580644607543817e+01
2.147713108539581128e+01
2.823655903816223045e+01
2.432145085334777690e+01
2.237802708148956299e+01
1.681222585201263442e+01
2.287863605499267550e+01
1.449930155754089434e+01
1.677423146724700942e+01
1.628107889652252283e+01
1.691265684604644903e+01
1.650635786056518484e+01
1.509480514049529987e+01
2.031539147377014132e+01
2.949273121833801170e+01
1.559413296222686718e+01
2.118441718101501436e+01
1.591230505466461231e+01
2.783618284702301082e+01
2.853590374946594110e+01
2.862996786594390741e+01
2.707728320360183716e+01
4.149667866230011271e+01
3.049894808769225918e+01
4.177640303134918298e+01
4.785687236785888388e+01
5.146574092864990035e+01
4.167478412628173601e+01
4.747819692611694364e+01
4.425319131851196630e+01
3.409776652812957565e+01
2.700453173637390236e+01
2.759701896667480625e+01
2.085090885162353658e+01
2.635937739372253574e+01
1.596875580787658677e+01
1.982483642578124972e+01
2.534907483577728371e+01
3.069112670898437401e+01
2.910528681755065961e+01
2.130430110931396470e+01
2.511363271713256751e+01
1.999602301597595044e+01
2.135030146241188120e+01
1.939595709323883099e+01
2.540840508937835551e+01
3.021189018249511804e+01
4.227609547615051611e+01
4.286390628814697124e+01
6.016631516456604345e+01
8.686325934410095329e+01
4.761062421798705913e+01
5.193906939506531018e+01
5.092172573089599297e+01
6.053481760978698389e+01
3.134023082733154197e+01
2.639452676773071360e+01
3.415005607604980753e+01
2.971924205303191968e+01
3.579944758415221884e+01
4.647977478981017896e+01
4.346119205474853686e+01
4.176798914909362992e+01
4.224467012405395394e+01
3.864834592819213555e+01
3.344935099601745776e+01
3.459955192089081066e+01
2.716360145568847528e+01
3.019253916740417409e+01
2.435061981201171832e+01
2.515250370979309125e+01
2.103784946203231954e+01
1.898134803771972656e+01
2.302083349704742332e+01
2.693288709640502887e+01
2.480023005485534782e+01
2.580912584304809698e+01
3.198401920318603686e+01
2.719819782733917179e+01
3.143691903114318720e+01
2.574417135238647347e+01
2.603129649639129539e+01
2.395516447067260657e+01
2.587729205131530819e+01
2.149479466438293329e+01
2.627169432163238483e+01
2.535389994621276699e+01
2.099425603866577106e+01
4.918555810928344840e+01
2.249676352024078341e+01
4.293562944412231275e+01
5.775558763504028548e+01
2.575991180419921989e+01
3.821217868804931328e+01
5.586225466728210165e+01
2.929470067977905146e+01
2.397048674583435002e+01
2.846909723281860494e+01
2.919441343307495274e+01
3.705117545604705498e+01
2.074944467544555593e+01
2.233591827392578111e+01
1.333509967803955121e+01
2.238417184352874756e+01
1.802922871589660758e+01
2.144104718208312832e+01
3.226039465427398767e+01
1.632111720085143958e+01
2.785863543510437168e+01
2.863525982379913160e+01
3.038432990550994717e+01
2.470030832767486473e+01
2.953328593254089185e+01
3.011635601043701271e+01
2.757069400787353430e+01
2.716989595413208036e+01
2.052290009498596035e+01
3.223748845577240019e+01
3.052372384071350098e+01
3.964386497497558537e+01
2.600489468574523855e+01
2.869479399681091181e+01
3.083801791667938375e+01
1.936864733695983887e+01
4.067793344497680863e+01
3.037916181564331097e+01
3.346416110038757097e+01
3.679913352012633965e+01
2.637815650939941392e+01
3.277926185607910270e+01
2.912193337440490737e+01
3.407772762298584013e+01
2.968345270872116259e+01
2.833370538711547937e+01
3.338471138000488025e+01
2.847618752479553095e+01
2.307357506752014231e+01
2.843450173377990708e+01
2.197530860424041776e+01
3.009032034397125344e+01
3.212240376949310416e+01
3.560239138603210307e+01
3.775590920925140637e+01
4.174008001327514705e+01
3.292012782096863077e+01
4.447444463729858199e+01
4.469271131038665601e+01
4.247083047389983790e+01
4.155043527603149300e+01
3.437367797851562301e+01
1.842238710403442425e+01
2.164749730825424123e+01
2.403166234970092674e+01
1.618600023508071928e+01
1.811178818702697768e+01
1.916784887075424137e+01
1.933122635364532371e+01
2.300345521211623989e+01
3.128512496948242116e+01
2.379058108329773091e+01
2.534060589790344409e+01
3.579644225120544121e+01
3.510652282238006450e+01
3.650784975051880110e+01
3.579186923980712720e+01
4.160903918266296131e+01
4.632827722072601517e+01
5.072365155220031596e+01
4.317599396228790454e+01
3.899597189903258965e+01
4.052753289222717115e+01
6.770759778976440657e+01
3.246879467487335091e+01
3.735032958984375284e+01
3.899742801666259595e+01
4.011888200283050310e+01
3.864646896362305029e+01
3.159716971397399732e+01
3.029891108036041203e+01
3.076335019111633429e+01
2.459320520877838234e+01
3.160266125679016014e+01
3.045958831787109489e+01
3.469036149978637695e+01
2.054554419517517161e+01
2.776071898460388354e+01
2.506364800453185993e+01
2.434348454952240104e+01
3.166777431488037209e+01
2.849113386631011835e+01
2.794032821655273580e+01
4.072298273086548193e+01
2.431362459182739144e+01
3.756324203491210767e+01
3.242832485675811682e+01
2.791398846626281838e+01
3.628702258110046586e+01
2.207235988616943345e+01
1.706274475097656307e+01
2.427497910022735539e+01
2.601300343513488755e+01
3.438364075660705765e+01
4.029798893928527548e+01
5.314799432277679614e+01
4.360703320503235147e+01
4.838428481101989576e+01
5.086326065540313834e+01
4.584201386928558009e+01
4.031117962837219437e+01
2.930597067832946934e+01
2.337811755180358730e+01
1.599627105951309147e+01
2.712891640663146831e+01
2.201175439834594627e+01
2.045733602046966482e+01
2.692704264640808276e+01
2.721531150817871136e+01
2.752740592956542898e+01
3.671066643714905098e+01
3.145158865451812602e+01
2.962856446266174260e+01
2.950245213031768898e+01
2.106483293771743703e+01
2.262913471221923700e+01
2.453424982070922766e+01
2.071611812114715434e+01
2.341672204971313320e+01
1.624795819282531895e+01
2.705036108493805003e+01
2.355110445022582866e+01
1.774961773872375659e+01
3.311493911266327217e+01
3.709636010169982967e+01
2.391974428653717055e+01
4.109911052703857592e+01
3.331276663780212743e+01
3.522240183830260918e+01
2.837657503604889087e+01
2.834759791374206372e+01
3.621171948432922250e+01
3.017399400234222284e+01
5.596887147903442639e+01
3.221140540599822799e+01
3.509213434696197709e+01
4.825159817695617903e+01
3.938541952133178370e+01
3.846776767730712976e+01
8.171974658012389625e+01
7.797260467529297046e+01
6.879497854232788256e+01
7.685356229782104265e+01
5.992527475357055522e+01
5.358554630279540731e+01
5.756796490669250232e+01
5.199484542846679602e+01
3.449547284126281710e+01
2.692431443691253534e+01
3.837285045623779212e+01
3.411338818073272705e+01
3.453799836158752612e+01
2.382722030639648381e+01
3.369664860248565930e+01
3.857126465320587272e+01
2.943382635116577006e+01
2.792676651954650779e+01
2.005312408924102741e+01
1.947228723049163790e+01
1.581716932773590045e+01
1.970476432561874347e+01
2.027558665513992153e+01
1.878417021751403837e+01
1.774743664264678955e+01
1.963956953525543270e+01
2.306112099170684715e+01
2.888517099857330450e+01
4.966239900588989542e+01
7.579032777786254371e+01
6.526289974689483131e+01
7.602134457588195460e+01
7.306618672370910872e+01
7.390537458419800032e+01
5.724058691024779932e+01
6.044539190769195613e+01
3.227681584358215616e+01
1.997916293621063133e+01
3.389274161338806124e+01
2.859181939125060978e+01
5.851833977699279643e+01
5.063784655570984228e+01
6.327829181671142322e+01
6.996585239410400447e+01
6.377595420837402429e+01
8.187691604614258267e+01
5.841677743911743192e+01
6.252233205795288029e+01
5.780379788398742846e+01
5.104472146987914982e+01
6.765777770519257217e+01
5.351222152709961222e+01
6.763240233421325343e+01
6.642778657436370793e+01
5.207085015296936348e+01
4.888141740322112838e+01
5.552023178100586165e+01
5.813524942398071005e+01
5.737510669708252209e+01
5.158699518203735579e+01
4.930855095863342541e+01
5.925878312110901192e+01
4.982291491985321130e+01
3.736222259998321249e+01
2.989749483585357837e+01
2.483813063144683753e+01
2.816648084163665899e+01
2.543868107795715261e+01
1.843490944385528607e+01
2.744197152614593449e+01
2.491575125217437758e+01
4.130410205364227494e+01
4.254991692543029558e+01
5.923881853103637951e+01
4.847440870285034009e+01
7.422827859878539414e+01
5.329572972297668798e+01
5.333373307228088578e+01
6.639293634414673306e+01
5.797991241455078182e+01
7.142192014694214208e+01
6.148509061813354748e+01
8.411612401962280217e+01
7.804362279891967091e+01
9.277809551239013786e+01
7.604411460876464446e+01
7.496268101215362378e+01
7.438277571678162303e+01
6.725127170562744539e+01
2.974500133037567196e+01
3.037131097555160508e+01
2.246524522781372113e+01
2.836682687759399357e+01
2.192696862220764231e+01
1.964749593734741140e+01
1.801743415117263680e+01
2.395541748523712045e+01
2.631922435760498047e+01
2.002474122524261446e+01
1.993292158603668085e+01
2.445827384948730554e+01
2.649819048643112041e+01
2.643156455039978070e+01
2.719415952444076368e+01
1.614834887027740606e+01
2.386545247554779081e+01
2.140938163757324375e+01
1.829173864364624080e+01
2.999616926193237276e+01
2.446081090927124180e+01
2.575837982416152983e+01
2.312847918033599726e+01
2.109908502101898264e+01
1.833365133285522575e+01
3.714298115730285588e+01
3.828728953838348303e+01
4.892722179412842110e+01
6.022264989852905614e+01
4.426618102073669547e+01
7.333709433555603141e+01
5.751616998672485437e+01
3.838549808025359766e+01
4.327575701713561784e+01
4.543569880008697481e+01
4.294298980236053609e+01
2.527919393539428583e+01
3.383486275672912313e+01
3.579988661766051905e+01
2.748381056785583354e+01
3.086021722793579158e+01
3.456851483345031539e+01
2.977218976974487319e+01
2.035037722587585307e+01
1.543995161533355720e+01
1.710239926815032874e+01
2.771404358386993394e+01
2.187024202704429499e+01
2.543669362068176198e+01
3.096287826538085852e+01
2.838254756212234398e+01
1.982074610233306800e+01
1.975414223670959402e+01
1.451517235279083273e+01
1.827873680114745980e+01
2.006737100124358975e+01
2.434538805484771729e+01
3.779314765453338509e+01
1.928147540569305463e+01
2.977110572338104078e+01
2.542283498287200771e+01
3.207369808673858813e+01
3.981431861400604078e+01
4.811356531143188420e+01
5.012148859977722282e+01
5.093499978065490552e+01
6.427114677429199219e+01
6.502946438789368244e+01
4.769542737960815515e+01
5.815515517234802445e+01
4.109370557785034350e+01
3.423539192199707060e+01
2.787041631698608413e+01
2.665898687601089634e+01
2.187055584669113273e+01
3.767540249347686654e+01
4.891989311218262060e+01
5.234527534484863054e+01
5.965091011047363168e+01
5.027741256713866846e+01
4.677321790695190629e+01
4.320708514213561813e+01
4.512432128429412614e+01
3.434056983947753849e+01
2.761271112442016573e+01
1.769506378173828054e+01
1.911264849662780918e+01
2.079761945009231638e+01
2.301288380622863627e+01
1.684085931301116901e+01
1.870664359092712559e+01
1.624166818380355792e+01
2.319664341449737677e+01
2.551307700634002629e+01
2.447998193264007583e+01
2.764958326816558909e+01
2.878994292259216436e+01
2.398189953923225559e+01
2.158846014738082886e+01
2.247740092039108362e+01
2.705659205198287864e+01
1.839912228107452563e+01
1.864055769920349093e+01
1.254959843158721888e+01
1.818678393363952495e+01
1.942163596391677771e+01
1.834981606960296574e+01
1.946444575071334881e+01
2.042078097701072537e+01
2.431617199182510447e+01
1.731536039471626154e+01
1.367318275451660092e+01
1.738269841194152932e+01
2.086893444061279368e+01
1.977243013858794995e+01
2.295113765239715420e+01
1.998985600948333641e+01
2.365399259567260870e+01
2.430784482955932546e+01
2.595182447910308809e+01
2.588964342594146828e+01
2.084739411830902256e+01
2.933375906467437844e+01
2.090380020141601491e+01
2.202195319652557259e+01
2.537829521656036391e+01
2.656335004806518540e+01
2.611136070489883565e+01
2.819182473182678095e+01
3.327361329078674146e+01
2.582368912696838237e+01
2.995636058807373203e+01
2.807018221855163631e+01
2.363965519905090318e+01
1.634309893608093134e+01
2.021194567203521686e+01
2.942002546072006197e+01
1.836517569541931039e+01
2.200344491004943848e+01
2.011158034801483296e+01
1.420691528320312536e+01
1.998634347200393790e+01
2.008329743385315069e+01
3.082500284194946261e+01
2.761544241905212260e+01
4.191939920425414812e+01
3.453884831428527491e+01
5.130451500892639416e+01
6.864458835601806186e+01
3.369745647430419666e+01
4.102355783462524386e+01
2.591699538707733197e+01
3.393831697940826331e+01
2.732624907016754179e+01
2.137589825153350986e+01
1.618598666191100932e+01
1.603068053245544533e+01
2.006323079347610516e+01
1.896501570701598993e+01
3.119690701007843003e+01
3.635666279792785360e+01
3.346839738845824996e+01
3.363834417343139904e+01
4.295342745780944682e+01
4.591990278720855656e+01
5.513441491127014160e+01
4.361209938049316293e+01
4.298426298141479407e+01
4.643437238693237390e+01
4.905515331268310320e+01
3.751498132705688704e+01
3.701358315467834359e+01
3.459614748001098405e+01
3.445537691116332724e+01
2.908863036155700854e+01
2.490812279701232868e+01
1.793678879022598238e+01
1.773874992132186890e+01
1.909389737606048598e+01
2.141218005657195889e+01
1.297108728885650564e+01
2.567063739776611442e+01
2.249247341156005930e+01
1.589906692504882812e+01
2.849068523406982578e+01
1.828318644762039114e+01
1.701100682497024508e+01
2.030367902398109337e+01
1.570576825618743833e+01
1.898915466308593736e+01
2.167889779329300026e+01
1.527995233535766673e+01
1.838019551277160701e+01
1.685103088140487770e+01
1.701837072372436666e+01
1.250792724132537792e+01
1.558069941759109511e+01
1.839841587066650419e+01
2.311265592336654606e+01
1.760347154140472270e+01
2.011730056285858126e+01
1.772582248687744055e+01
1.808276983261108484e+01
2.338855950355529956e+01
2.487243364334106488e+01
3.290525210857391158e+01
2.720505632877349811e+01
2.911434514999389478e+01
3.374740054130554512e+01
3.301444572925567655e+01
3.337401578903197930e+01
3.810733524322509425e+01
4.574087273597717029e+01
4.746715946197510050e+01
5.568713313102722395e+01
4.672492333412170495e+01
4.213397259712219522e+01
4.781763309478759538e+01
4.932279600143432674e+01
6.701683623313903126e+01
6.449304599761963175e+01
7.308750705718993856e+01
6.019058574676513729e+01
8.283463820457458837e+01
8.846690165519714810e+01
8.729883938789367903e+01
8.614358150482178189e+01
5.574960712432861243e+01
4.263138536453246985e+01
5.688978389739990149e+01
3.999019914627075423e+01
2.476807978153228618e+01
2.037642826080322322e+01
1.561169248580932667e+01
1.893467137336730843e+01
1.915773339271545339e+01
1.533727918624877873e+01
1.856248764991760325e+01
1.628650012969970717e+01
1.875493966579437100e+01
1.969492153167724524e+01
1.936870349884033260e+01
2.167098566055297937e+01
1.816650492668151884e+01
1.749876822471618709e+01
1.986999514579773063e+01
2.221224146366119356e+01
1.598015170097351145e+01
1.638833437442779584e+01
1.368429226398468046e+01
1.482579837083816443e+01
1.374432697296142614e+01
2.262215451240539466e+01
2.258528774261474581e+01
2.320179591655731244e+01
2.284684350967407340e+01
2.334668507575988627e+01
2.495324958801269588e+01
2.537036540985107536e+01
2.907628044128417955e+01
2.623827049255370980e+01
2.072517661094665442e+01
2.260126627922058162e+01
2.567029547214508156e+01
1.729974528789520249e+01
1.689248750686645550e+01
1.855840310096740708e+01
1.390246206760406444e+01
1.767751684188842631e+01
1.969630990982055607e+01
1.801092749595641962e+01
1.902051110267639089e+01
1.536843570709228501e+01
1.931904212474822913e+01
2.088671029090881248e+01
3.322390850543975915e+01
2.863805109977722196e+01
3.033759604454040471e+01
1.829507940769195429e+01
2.051109695434570312e+01
1.453131114006042424e+01
1.903250859022140418e+01
1.609629714965820213e+01
1.872312427520752109e+01
1.988481966257095479e+01
1.389609625816345151e+01
1.715101312637328945e+01
2.411454602718353257e+01
2.059758046627044692e+01
1.807254015445709072e+01
2.422142449378967299e+01
2.025992208480834833e+01
2.176049253463745004e+01
1.564437850475311365e+01
1.866799298763275061e+01
1.553105265140533398e+01
1.343293136119842579e+01
1.772413057804107694e+01
1.300999576568603544e+01
1.427752432346344058e+01
1.238154261112213206e+01
1.353792103767395005e+01
1.524337472677230920e+01
1.882950939178466854e+01
1.693283930301666373e+01
2.253046375751495489e+01
1.300351807594299380e+01
1.388740163326263399e+01
1.901062951087951802e+01
1.250499513149261510e+01
1.414853984355926464e+01
1.317161237716674727e+01
1.428973512172698968e+01
1.560944777488708546e+01
1.545343609809875574e+01
1.494756301879882798e+01
1.657891487121581875e+01
1.572179445981979384e+01
1.664910365104675449e+01
1.425203351974487376e+01
1.242920273780822704e+01
1.175888356208801255e+01
1.167209457397460959e+01
1.329562215328216546e+01
1.191204784631729119e+01
1.399718108654022153e+01
1.326038069248199491e+01
1.443502743721008308e+01
1.268958230495452888e+01
1.791213743209839038e+01
1.687817477703094582e+01
1.986189078330993496e+01
2.091144871473312250e+01
2.161034345626831055e+01
2.748303945064544607e+01
2.682086522579193044e+01
2.072017228603363037e+01
2.760384604215622062e+01
1.441775737285614056e+01
1.748266086339950576e+01
1.762341351747512874e+01
1.811746577262878333e+01
1.806651279926300191e+01
1.737150047779083195e+01
2.130016746282577600e+01
2.009970166683196879e+01
1.819748902797698875e+01
1.999223775863647390e+01
1.697643438816070471e+01
1.715676256179809656e+01
2.094402717590331875e+01
2.170955637931823645e+01
1.717254310131072970e+01
1.532253153085708597e+01
1.947837400436401367e+01
1.394882604598999087e+01
1.481059628486633351e+01
2.370131013631820593e+01
2.279696651935577378e+01
2.063295591831207432e+01
2.031460827827453741e+01
1.610675912857055536e+01
1.733917201042175193e+01
2.276266536712646626e+01
2.007525207519531207e+01
1.930970640659332105e+01
2.151905950069427575e+01
1.588812115430831895e+01
1.497093886375427196e+01
2.090768403172492995e+01
2.232543673038482623e+01
2.466954544067382926e+01
2.633337743282318044e+01
3.576853985309600858e+01
2.653879856109618984e+01
3.051280792236327954e+01
3.447603746414184656e+01
3.788171967506409032e+01
2.781516531944274817e+01
2.378636031627655001e+01
2.741495439052581773e+01
2.076418454170227079e+01
2.200181663990020908e+01
1.926501614570617704e+01
1.723064512729644804e+01
1.799211224317550517e+01
2.238263304471969661e+01
2.127558812618255502e+01
1.483067940235137883e+01
2.577689073085785054e+01
2.402567349433898869e+01
2.156397595882415885e+01
3.202815046310424663e+01
2.230084590435028247e+01
2.898135017395019375e+01
2.851814469814300423e+01
2.207380074024200312e+01
1.413092917442321728e+01
1.572416476249694739e+01
1.298565153121948157e+01
1.122927255630493093e+01
1.459767926216125566e+01
1.605796381950378304e+01
1.707248105525970416e+01
1.612664846897125415e+01
1.677432894229889015e+01
1.424831313848495462e+01
1.699710502624511577e+01
1.751319279670715190e+01
2.094248967170715403e+01
2.166963269710540629e+01
2.473360954284667912e+01
1.774669780254363971e+01
1.576789887905120935e+01
1.665311490535735928e+01
1.891161652088165113e+01
1.920352358341217069e+01
1.423337191581726024e+01
1.256827904820442221e+01
1.314275644302368207e+01
1.265276660919189489e+01
1.427275313854217487e+01
1.613679676532745333e+01
2.112957450389862046e+01
1.429834308624267614e+01
2.597523721456527568e+01
3.006528485298156639e+01
2.518014004230499125e+01
3.282476756095886117e+01
2.204511362075805536e+01
2.828390627145767056e+01
1.951341798305511333e+01
1.448340620040893612e+01
1.603933128833770638e+01
2.370491692543029671e+01
1.972896598100662402e+01
2.050989986896514949e+01
2.326963350296020394e+01
1.221770356178283734e+01
1.409268716812133704e+01
1.264938942909240716e+01
1.891740765094757037e+01
2.446141841888427848e+01
1.523828856468200676e+01
2.207344576835632211e+01
2.176103245019912791e+01
1.948912056922912583e+01
2.950683461666107021e+01
1.739568843841552592e+01
2.226861700773239150e+01
2.206773581981659049e+01
2.218263099193573140e+01
1.533414783716201768e+01
1.813286580562591510e+01
1.767774044990539650e+01
1.810774865150451518e+01
2.293279038906097256e+01
2.040704042196273704e+01
1.959758581161499080e+01
2.056228925228118953e+01
2.263107790470123248e+01
1.719581416606903090e+01
1.529426731586456256e+01
1.349143040657043535e+01
1.107126740455627356e+01
1.258721445202827383e+01
1.775678405523300185e+01
1.617731058120727639e+01
1.249811611652374310e+01
1.817876817703247028e+01
2.116296994447708002e+01
2.549358217239380053e+01
2.514577756881713810e+01
1.758819929122924819e+01
1.981200088500976619e+01
2.598163220405578500e+01
2.448655099868774343e+01
2.221932563304901009e+01
1.685239974975586108e+01
1.734324360132217535e+01
1.978937399864196678e+01
1.988788551330566534e+01
1.258244689941406236e+01
1.378669937133789070e+01
1.234904787540435755e+01
1.559968845844268870e+01
1.740755941390991168e+01
1.834828203201293917e+01
2.275015067100524746e+01
1.761688055992126323e+01
2.230471654415130445e+01
2.098340177059173683e+01
2.272690948486328111e+01
2.311762598514556899e+01
1.493839891433715827e+01
1.701968259572982944e+01
1.333511619567871165e+01
1.572140875101089463e+01
1.725085551261901884e+01
1.244900068283081040e+01
1.143030293464660652e+01
1.176840396881103601e+01
1.442384094476699907e+01
1.500454567432403508e+01
9.912408027648925923e+00
1.860113595008850140e+01
1.543305548667907701e+01
1.285136550903320263e+01
1.585734848022460852e+01
1.887017621517181354e+01
2.533801719665527230e+01
2.266716082334518489e+01
2.327827386856079173e+01
1.670215041637420583e+01
1.281680261611938398e+01
1.224004615306854227e+01
1.396773747205734217e+01
1.450112215995788567e+01
1.354241917490959146e+01
1.147607305526733334e+01
1.489083941936493005e+01
2.674362685203552203e+01
2.459737684488296594e+01
2.501126480579376121e+01
3.219405638217926224e+01
3.636671622753143396e+01
2.733552504539489902e+01
2.858327960968017578e+01
2.409130602836608759e+01
3.136376365661621080e+01
1.489022525787353501e+01
1.257950110435485769e+01
3.047860947132110709e+01
2.021506556510925279e+01
1.265052438139915481e+01
1.657939146995544277e+01
1.484815430641174316e+01
1.511507237672805815e+01
1.500571748256683335e+01
9.964186897277832244e+00
1.420801258087158203e+01
1.306665186405181878e+01
1.549739244937896743e+01
1.422598011732101497e+01
1.292478376388549854e+01
1.403315120697021534e+01
1.267273033380508451e+01
1.441254213809967055e+01
1.863220762252807461e+01
1.423236261367797795e+01
1.680051955819130072e+01
1.706531270027160474e+01
1.122218262195587180e+01
1.957005291223525845e+01
1.580323457717895508e+01
1.532810498714447078e+01
1.552026093006134033e+01
1.449462468147277860e+01
1.103932994008064306e+01
1.851993363857269159e+01
1.484314882755279541e+01
1.388431708097457928e+01
1.143736545085906897e+01
1.321371284484863295e+01
1.455382700920105066e+01
1.717891255855560217e+01
3.220927535057067814e+01
3.882121111392974910e+01
3.630692397594452103e+01
3.033052953243255700e+01
4.039869063854217757e+01
2.996804398536682257e+01
3.865699164390564135e+01
2.569777724981307898e+01
1.578744117259979163e+01
1.432148568630218577e+01
1.833438117504119802e+01
2.034703831672668528e+01
1.775902850151062040e+01
1.669465437412262077e+01
1.828528001308441020e+01
1.360472620010376055e+01
1.385185379505157499e+01
1.360443190097808852e+01
1.171346038341522267e+01
1.313668618202209437e+01
1.158416484355926457e+01
1.375036878585815359e+01
1.311771856307983342e+01
1.486332719326019358e+01
1.193471089363098159e+01
1.550742150783538875e+01
1.388427525997161815e+01
1.403373511314392097e+01
1.260257417201995800e+01
1.317231062889099036e+01
1.276929551601409862e+01
1.187426215171814015e+01
1.172798310518264842e+01
1.388883855819702084e+01
1.516449960708618150e+01
1.232279536247253482e+01
1.317468624591827364e+01
1.168681223392486501e+01
1.445731469631195054e+01
1.162672386646270795e+01
1.563283047914504920e+01
1.304864271163940437e+01
1.251235674381256047e+01
1.318325674057006758e+01
1.129785554885864229e+01
9.884269008636474396e+00
1.141046126365661628e+01
1.224335693836212080e+01
1.032387290835380611e+01
1.027629733085632324e+01
1.403292249679565451e+01
1.563841434478759851e+01
2.327285884857177578e+01
2.769138117313384839e+01
5.268588508605957088e+01
5.274587226867675582e+01
4.673189684391022070e+01
5.211099397659301502e+01
5.044789957046508988e+01
3.907149790763855179e+01
4.170161709785461568e+01
1.686925270557403422e+01
1.028977241039276080e+01
9.447269225120544789e+00
7.738635106682777653e+00
1.000350319385528586e+01
1.004143415451049748e+01
1.212346738815307567e+01
1.201204386949539149e+01
1.062300822257995669e+01
1.099923312187194746e+01
1.088196135520935037e+01
1.480003882884979305e+01
1.266122108936309765e+01
1.258233930110931453e+01
1.297089145660400433e+01
1.537954603672027609e+01
1.323218071937561113e+01
1.629337611198425151e+01
1.519535874366760275e+01
1.375957060098648022e+01
1.485686313629150312e+01
1.393368273735046436e+01
1.199210472345352230e+01
9.128292541503906676e+00
1.015105671167373735e+01
9.031916961669921307e+00
1.011314966201782184e+01
1.046065170168876612e+01
1.192201814174652164e+01
1.224611136436462466e+01
1.375516313076019337e+01
1.736169567584991569e+01
2.381117557525634609e+01
1.835516976833343605e+01
1.578215346574783240e+01
1.499887484073638966e+01
1.481985135197639458e+01
1.097077437639236486e+01
1.121994829177856445e+01
1.371146790504455559e+01
1.266514310836791957e+01
9.947187714576720907e+00
1.142414173722267101e+01
1.213080424666404689e+01
1.240483115673065129e+01
1.176125518798828118e+01
1.573450296401977511e+01
1.347397681236267175e+01
1.369334264278411872e+01
1.477528136253356905e+01
1.326414902687072761e+01
1.664897028207779073e+01
1.151017213344574053e+01
9.961603002548217844e+00
9.499295015335082581e+00
1.192140851497650189e+01
1.213081382274627629e+01
9.163049893379211497e+00
1.110010313034057639e+01
9.733131755590438416e+00
9.534009680747985271e+00
1.172534472465515165e+01
1.203285118579864488e+01
1.237320945739746136e+01
1.306800899505615199e+01
1.643465505599975529e+01
1.215454716682434011e+01
1.066430737137794438e+01
1.301478983402252254e+01
1.573121007442474450e+01
1.439217802047729577e+01
1.754049426555633673e+01
1.500214009284973216e+01
1.674982472419738855e+01
1.587781107187271168e+01
1.743290327548980656e+01
1.513988506317138594e+01
1.429256622791290354e+01
1.403614962100982666e+01
1.479113508224487283e+01
2.485129564285278292e+01
4.696147206783294337e+01
4.091358582496643237e+01
6.639361786842346191e+01
1.021544694137573259e+02
1.349537255382537921e+02
1.296111820983886673e+02
4.020014641571044649e+02
1.074363577575683621e+03
1.311891352691650354e+03
1.661989873809814526e+03
1.240259467773437564e+03
1.586657916412353416e+03
1.765323017730712991e+03
1.533777866668701108e+03
1.532988736724853425e+03
1.020125578155517587e+03
8.685404800415038835e+02
9.638643591308593841e+02
6.677544068145751908e+02
4.529948981475830010e+02
6.792681803894042787e+02
5.143693513488769895e+02
5.201722362136840729e+02
4.849449332046508516e+02
2.908212059974670183e+02
4.084628774642944222e+02
3.269527611732482910e+02
1.748089682912826675e+02
1.396858660221099768e+01
2.074991255760192743e+01
1.590076147556304953e+01
1.486280085563659625e+01
1.505055541038513134e+01
1.825748484134674143e+01
1.659375391960143986e+01
1.431951840877533044e+01
1.296027916908264110e+01
1.429842068672180133e+01
1.109489577293395968e+01
1.423325768947601233e+01
1.156690718650817828e+01
1.308584194660186739e+01
1.043035664081573444e+01
1.051654038906097455e+01
1.199637449264526445e+01
1.042906250000000057e+01
1.282604645729064963e+01
9.580902433395385387e+00
1.251671009063720774e+01
1.082571117401123040e+01
1.261857555150985633e+01
1.299942477226257331e+01
1.052973235130310137e+01
1.031752262115478480e+01
1.162402662754058902e+01
1.020614655971527185e+01
1.035084766387939403e+01
1.424276891708374038e+01
1.250524232625961218e+01
9.144267430305481170e+00
1.233466135263443064e+01
1.260240102767944315e+01
1.502538928031921373e+01
1.273882245063781760e+01
1.328001179695129430e+01
1.341725846290588464e+01
1.456113979578018203e+01
1.497042534351348841e+01
1.338821607589721729e+01
1.461201604366302575e+01
1.274279292106628425e+01
1.502457162141799962e+01
1.319049357414245627e+01
1.347751622676849337e+01
1.199274715662002500e+01
1.275855862379074068e+01
1.250593556642532356e+01
1.478787355184554997e+01
1.452220786571502664e+01
1.669773321151733469e+01
1.604848367691040067e+01
1.286844130516052331e+01
1.284058070659637529e+01
1.381428907394409222e+01
1.053723577737808270e+01
1.244387772560119565e+01
1.132378842353820758e+01
1.161017614364624073e+01
1.238873768329620439e+01
2.463928216934204229e+01
1.366941620635986396e+02
2.542606682777404785e+02
3.908524126625060831e+02
3.225535328960418724e+02
4.779195304489135765e+02
3.830837698745727380e+02
5.204478943824767612e+02
2.804079915142059463e+02
2.862911200714111146e+02
1.114981781387329107e+02
2.012428176403045654e+01
2.113759016990661621e+01
1.772937927246093892e+01
1.894009086370468253e+01
2.554480449199676428e+01
1.400338610172271814e+01
1.240203337430953923e+01
1.075769539833068933e+01
1.258453957557678216e+01
1.378515582561492892e+01
1.479147056341171229e+01
1.474023812770843556e+01
1.154931373119354276e+01
2.220195826530456529e+01
1.330496219635009680e+01
1.857993978500366339e+01
1.626235692501068186e+01
1.691003673076629710e+01
1.133913026809692326e+01
1.401334000587463358e+01
1.916166459083557072e+01
1.351913218498230052e+01
1.372507868409156728e+01
1.247645271301269609e+01
1.646877848863601557e+01
1.752017466545105151e+01
1.568148348808288617e+01
1.830317279815673714e+01
1.271153046131134090e+01
1.419817971229553244e+01
9.311015863418578675e+00
1.186058759212493818e+01
1.206535540580749455e+01
1.752395214080810604e+01
1.331201410293579102e+01
1.395267549991607581e+01
1.057175377845764075e+01
1.540179521560668974e+01
1.026344279289245520e+01
1.648210258960723706e+01
1.378312019824981682e+01
9.934716958999633363e+00
9.545391716957091433e+00
7.683639011383056605e+00
1.177578042984008810e+01
1.099401294708251875e+01
1.001870290040969813e+01
1.019754710197448766e+01
1.235512483596801836e+01
2.856334727287292452e+01
2.461422234058380099e+01
2.433895753860473476e+01
1.862976451396941968e+01
2.105536320209503032e+01
2.474396243095397807e+01
1.756768313407897963e+01
2.108389214038848891e+01
1.163716804504394453e+01
1.050616275787353437e+01
9.496652698516845348e+00
9.262200922966004057e+00
1.037096103191375818e+01
8.722347105741500073e+00
9.994283633232116770e+00
9.362328987121582458e+00
1.076101872444152896e+01
1.131329009056091373e+01
9.912778172492981099e+00
1.017794713020324693e+01
9.855344748497008922e+00
8.130642811059951569e+00
8.717204198837279705e+00
9.235477333068848438e+00
1.275899643898010183e+01
1.043955956935882590e+01
1.296088025093078677e+01
9.760156764984131428e+00
9.424272966384886985e+00
1.011604120135307383e+01
9.433005185127258940e+00
1.060776771545410213e+01
1.036590691566467370e+01
9.823797674179077788e+00
9.167392630577086976e+00
1.804346193790435748e+01
2.126595239639282298e+01
1.140084908819198546e+02
1.430441673278808707e+02
2.528678044700622536e+02
2.951350714683532601e+02
2.526594011116027900e+02
1.908109477710723922e+02
2.004695756053924640e+02
2.472436191940307708e+02
1.738245076847076405e+02
7.354161212444304851e+01
2.459527424812316809e+01
3.192159321784973258e+01
3.208289133071899357e+01
2.353714297294616742e+01
2.410871750831604032e+01
1.759039080619811912e+01
1.990760409832000732e+01
2.072251643180847225e+01
1.914898070335388169e+01
1.221484701633453440e+01
2.539597637176513700e+01
1.178963807344436709e+01
1.382798539161682072e+01
1.926142138242721558e+01
2.168323484897613440e+01
1.710692792415618868e+01
1.465893040657043400e+01
1.467730741262435856e+01
1.516829154968261761e+01
1.343882422924041720e+01
1.141243681430816714e+01
9.976978483200072745e+00
9.040359171628951529e+00
9.701632885932921724e+00
1.074364425659179645e+01
1.170119125366210966e+01
1.219363130807876594e+01
1.360695106506347685e+01
1.182649437904357903e+01
1.213120787620544405e+01
1.396667584896087710e+01
1.279581843852996847e+01
1.539755656719207799e+01
9.241777110099793191e+00
1.053247939586639426e+01
1.217316240310668896e+01
1.137407157421112025e+01
1.395912459373474057e+01
1.186826060771942082e+01
1.137259282588958698e+01
1.773342216014862061e+01
2.688355697631835994e+01
1.156749820232391386e+02
1.558444876289367755e+02
3.400520061111450332e+02
2.509893419170379616e+02
1.994746139335632336e+02
2.745075465583801133e+02
1.934258498477935859e+02
1.887078017520904609e+02
1.861529523849487191e+02
1.629829191017150833e+02
1.683313417434692383e+02
2.690227283096313613e+02
2.100005153369903610e+02
1.485162033939361663e+02
1.128307525634765653e+02
1.170646602916717569e+02
1.004906010818481406e+02
4.938413434982300032e+01
2.632709825992584385e+01
2.196126609325408907e+01
1.433413873434066765e+01
1.164164685726165693e+01
1.455256216049194329e+01
1.126398251533508343e+01
1.109425709247589076e+01
1.183217553138732825e+01
9.737184896469116779e+00
1.072676971912384047e+01
1.161250705718994070e+01
1.237070637702941944e+01
1.247684990882873457e+01
1.843958108901977511e+01
1.721571419715881390e+01
1.893175021648406897e+01
1.695481252670288086e+01
1.728408506393432731e+01
2.991289030790328951e+01
2.498445652961730801e+01
1.265403674602508488e+01
1.923965425491332937e+01
1.869174536705017076e+01
1.301183684349060066e+01
1.900444641113281108e+01
2.884263529300689655e+01
7.795553706645965519e+01
1.608587103605270272e+02
1.293689452171325627e+02
1.377371554374694824e+02
1.748160090065002521e+02
1.365473938465118522e+02
1.595230719852447407e+02
1.364307462120056016e+02
1.121747094535827642e+02
4.842505011081695443e+01
2.264668983459472784e+01
2.055938575744628949e+01
2.389870495319366483e+01
2.397048279285430894e+01
2.467254611015319909e+01
2.404234406948089742e+01
6.541138146877288762e+01
1.164096157264709461e+02
9.808325714111327898e+01
8.567842035770416942e+01
1.249834285736083928e+02
1.198551219844818121e+02
1.004273054695129446e+02
9.126395755767822493e+01
9.552707549095153183e+01
2.772523766517639032e+01
1.160709741115570104e+01
1.066905449390411320e+01
1.059679919719695995e+01
1.059226459503173778e+01
1.139647738933563303e+01
1.004097217082977345e+01
1.387510216712951738e+01
1.412681298494339011e+01
1.761909718513488698e+01
1.954299677371978916e+01
2.529179550170898594e+01
1.847160731792449795e+01
1.924577418327331557e+01
1.971878344535827665e+01
3.841724672794342155e+01
9.722576763153075774e+01
1.306232895851135254e+02
8.536130605697631779e+01
9.636092056274414119e+01
8.751243196487426701e+01
9.010179334640503157e+01
7.968804821968078045e+01
6.993644604682921795e+01
4.475262774467468319e+01
2.748131209373473993e+01
2.545593148708343634e+01
2.104391586303711037e+01
1.992402802467346135e+01
1.682732616424560490e+01
1.659558115482330365e+01
1.626554413318633863e+01
2.350364809036254954e+01
1.976065083503723230e+01
3.352259956359863224e+01
2.366470666885376062e+01
3.529774230957031023e+01
3.398509559631347798e+01
2.795629887104034594e+01
7.037419098854064714e+01
7.213236190795898040e+01
6.777491747856140591e+01
9.479603479862213078e+01
1.355396047115326041e+02
5.769937053680419581e+01
1.195178403568267811e+02
7.586339123725890943e+01
5.431300603866576893e+01
2.726501049041748104e+01
1.422559797525405934e+01
1.551917529106140137e+01
2.348880412578582622e+01
1.481074268817901540e+01
1.939701865196228070e+01
1.962229394435882668e+01
1.976397177696227914e+01
1.333715435504913316e+01
2.185908765792846609e+01
1.606531420230865592e+01
1.764692981243133474e+01
1.795481637477874770e+01
1.852901248455047778e+01
1.443963980674743652e+01
2.802996184825897075e+01
2.700312492370605355e+01
1.631228978157043485e+01
2.338765730857848979e+01
1.976910118579864672e+01
1.744890554428100415e+01
3.972186486721038534e+01
3.553957139492035111e+01
2.444334291458129726e+01
2.350058433055877671e+01
2.918210296630859446e+01
3.965659304618835534e+01
2.710560964584350430e+01
3.169870424270629883e+01
2.924851052284240893e+01
4.871335525035858183e+01
3.804155146121978959e+01
3.272580867767334212e+01
2.468854486465454201e+01
2.359845730781555062e+01
4.548204922676086426e+01
2.449694806098937860e+01
2.676589607238769375e+01
3.470381750106811580e+01
2.225995278358459473e+01
2.578370332241058449e+01
3.061325261116027718e+01
2.301349816322326802e+01
2.366855268478393626e+01
2.803814040184020939e+01
2.055693922519683881e+01
2.745091858863830581e+01
1.624348190307617301e+01
2.530109101772308478e+01
2.068694162845611473e+01
2.574665160655975171e+01
2.303233428001403738e+01
2.031144684791565069e+01
1.703219193458557257e+01
1.703883276939392033e+01
1.122246160745620713e+01
2.870516816616058264e+01
1.120349941253662074e+01
1.079517230987548793e+01
2.298572040081024070e+01
2.578682892322540354e+01
3.274187968730926457e+01
2.868297012329101392e+01
5.828518028736114331e+01
6.554038827896118846e+01
6.933901292800902638e+01
6.200508773803711193e+01
6.554673598289490144e+01
7.264213172912597827e+01
5.640079858779907340e+01
5.621652824401855497e+01
3.499309462547302019e+01
2.666267028331756705e+01
1.370215785980224688e+01
2.477752609252929616e+01
2.182520473480224510e+01
7.245016292095183985e+01
5.903362719535827807e+01
4.542608498573303422e+01
8.996786601066588673e+01
5.437627043724059916e+01
7.649394020080566747e+01
7.597988658905029524e+01
8.176465190887451229e+01
1.436866674613952739e+02
1.153305834484100387e+02
8.897285732269287450e+01
1.251731204319000312e+02
1.171545037937164295e+02
1.243252052497863787e+02
9.692010076522826978e+01
1.015594313621520968e+02
6.503825445175171183e+01
6.610268101692199139e+01
4.579880392074584705e+01
5.191255674362182759e+01
3.748940588951111152e+01
2.608375504493713493e+01
1.530942465782165485e+01
1.832922281265258846e+01
1.646372403144836483e+01
2.064176133155822868e+01
1.993020092964172463e+01
1.514462568759918248e+01
2.149922515869140582e+01
1.895762056350708136e+01
2.066629941463470388e+01
2.462770593166351318e+01
2.779635736942291402e+01
2.847699306964874211e+01
2.416703594207763572e+01
2.552968139648437429e+01
2.679307940483093375e+01
2.361058279037475671e+01
2.062994335174560590e+01
2.060621667861938633e+01
1.801152673244476432e+01
2.539623806476593160e+01
2.306019583702087417e+01
4.484207547187805432e+01
3.833545267581939697e+01
6.300758993148803455e+01
6.812727954864502067e+01
8.303846672058105582e+01
7.255376384735107820e+01
7.944624345779419627e+01
8.867857490539550724e+01
6.547637912273407323e+01
4.814884245872497814e+01
2.443133778572082448e+01
2.062271048069000301e+01
1.880148612022399846e+01
2.104885805130004783e+01
1.895391714572906494e+01
1.707321282386779870e+01
2.452866696357726894e+01
2.140443259239196649e+01
2.129128325462341209e+01
1.906619541168213061e+01
2.304359573364257940e+01
1.158579371452331586e+01
1.885841502666473346e+01
3.738649390220641777e+01
3.446941688060760356e+01
3.594058161735534895e+01
2.742009140968322711e+01
3.708271703243255502e+01
3.033628575325012378e+01
3.606875892639160242e+01
3.811705604553222315e+01
4.627498811721801530e+01
4.590499906539916708e+01
3.419032833099365121e+01
4.365769004821777344e+01
2.606931502342224150e+01
2.976916973114013842e+01
2.640149307250976562e+01
3.237683493614196806e+01
2.059001995563507137e+01
2.604420713901519946e+01
2.829931939125060936e+01
1.912147917747497416e+01
3.330247913360595646e+01
2.749631134986877612e+01
2.414849581241607623e+01
5.356513182640075854e+01
1.848396233558654700e+01
4.573171564102172937e+01
3.082424041271209703e+01
2.985296101570129323e+01
2.848128339290618882e+01
2.798828159809112393e+01
1.633780183315277057e+01
2.544993652820587116e+01
1.504742668390274041e+01
2.512595461368560734e+01
2.462832103729247990e+01
1.671519777774810933e+01
2.863625035285949849e+01
5.061297588825225802e+01
6.962835536956787053e+01
8.650860383033752044e+01
7.717542634963989201e+01
8.866509405136108057e+01
6.700212306022643816e+01
9.620391557693481843e+01
4.936196057319641284e+01
2.986238419055938564e+01
2.829084679841995253e+01
1.726082998752594122e+01
1.444963376522064280e+01
1.073897601366043020e+01
1.355158289432525720e+01
1.865405473709106587e+01
2.074582422733307041e+01
2.809083986282348633e+01
2.867037040710449247e+01
3.343763357162475813e+01
3.738939795494079732e+01
4.684435662269592626e+01
8.613959603309631063e+01
1.050411013412475540e+02
9.382287675857543263e+01
6.515338759422301962e+01
9.750801903724669728e+01
9.494001116752625080e+01
7.389520712852477402e+01
5.319576196670531942e+01
2.569824176311492892e+01
1.092353907585144057e+01
2.172830414772033691e+01
1.708913829326629497e+01
1.736168612480163631e+01
1.792046837806701731e+01
2.165856861591339211e+01
2.462722580909728975e+01
3.837349659919738798e+01
2.214417413711547766e+01
2.085675599098205524e+01
2.365391283988952509e+01
3.809390744209289892e+01
1.439924567222595186e+01
1.979309586524963294e+01
2.008084185123443532e+01
2.335688893318176440e+01
1.900201093196868740e+01
2.951281962871551556e+01
1.901469932079315228e+01
2.098197132110595575e+01
1.976442556858062716e+01
2.213473331451416115e+01
2.721888638019561668e+01
1.919968602180480843e+01
1.675014548778533907e+01
1.933405115127563434e+01
2.259290243625640926e+01
3.472832520484924146e+01
1.734185033321380587e+01
1.934919820308685345e+01
2.365757668972015537e+01
2.449002583503722974e+01
3.532390039443969698e+01
3.391638433933258057e+01
2.875712998390197583e+01
2.999170551300048970e+01
5.358759258270263359e+01
6.577703957557677938e+01
5.620577043533324968e+01
1.039608399772643992e+02
7.110957514762878873e+01
1.199144456577300986e+02
7.453600380897522371e+01
7.823720381736755769e+01
8.416568099021911564e+01
8.984834382057189828e+01
4.652094242095947152e+01
3.924485762596130201e+01
2.357146543502807745e+01
1.553908424377441477e+01
5.883875283241272314e+01
6.471078857421875341e+01
4.631108092784881336e+01
5.411891556739806930e+01
8.135970447540283601e+01
6.248031563758850382e+01
1.091337473297119089e+02
9.802853158950806289e+01
6.405151302337645802e+01
5.985690996170043832e+01
6.825029705047607820e+01
3.349763498306274556e+01
6.970543124198913176e+01
5.760522226333618079e+01
3.072875923156738409e+01
4.036593164443969783e+01
6.656236568450927393e+01
5.497001235008239917e+01
5.229088265419006376e+01
5.603063497066497689e+01
4.136292016029357654e+01
5.920032596588134766e+01
8.436316473007201466e+01
8.246332637786865405e+01
5.540921856403350887e+01
5.478809998512267754e+01
7.077216613769530795e+01
6.792502674102783544e+01
3.491541604995727255e+01
4.773669237136840593e+01
2.091432409286499094e+01
2.425015450000762840e+01
5.335091752052306902e+01
3.840825772285461426e+01
4.305899003028869743e+01
4.901418978214263689e+01
6.405772900581359863e+01
5.638204498291015909e+01
8.254612233161925872e+01
9.104964399337768555e+01
9.069409678459167878e+01
5.376288129806518867e+01
6.008617318153381603e+01
3.152722868919372701e+01
