5.809843400827071486e-02
5.394121259450912476e-02
3.707360420376062254e-02
6.798944857424299437e-02
3.087986620096874746e-02
1.852839564565907787e-02
1.487966828320301006e-02
6.622204254381358624e-02
1.361774140658477891e-02
3.526134471227444084e-02
1.589177183952208972e-02
6.222695595621816067e-03
4.377827094867825335e-03
3.544487200366953916e-02
1.159948506392538548e-02
5.904225847189081833e-03
1.655866845756909927e-02
1.166115025052138175e-02
9.160740999504923820e-03
5.305198773545161638e-03
1.572398059790776695e-02
6.193612469360232353e-03
5.489852931350469763e-03
4.546482744626700705e-03
5.028708931058644901e-03
9.575477086876232544e-03
6.033097673207521265e-03
7.486130972392856901e-03
6.192837997594347922e-03
4.948318856869856480e-03
4.961021523922681635e-03
8.134281592769004171e-03
2.504485868848860351e-03
9.646362234992123322e-03
8.102060062810778618e-03
6.428332754876464432e-03
5.373897875077091393e-03
6.833687437465414682e-02
9.194776682834408799e-03
9.633546997793018124e-03
7.837673707399517515e-04
1.065933577056663722e-02
5.511636100709438497e-03
8.728454262018204082e-03
7.459335930220652340e-03
3.178835731232539097e-02
1.834996202960610320e-02
5.623578338365240077e-03
9.315576858352870443e-03
3.463077935157343658e-03
4.050244786776601921e-03
3.335584193700924602e-03
6.441782758338376533e-03
3.226764022838324135e-03
4.259371629450470556e-03
4.249781195539981127e-03
2.911023574415594513e-03
6.757556635420769453e-03
8.676762692630291419e-04
2.568075759336352435e-03
4.899248975561931729e-03
5.225206760223954569e-03
2.859901863848790440e-03
2.576943131862208160e-03
4.331858770456165075e-03
4.626532296242658266e-04
6.843310571275651802e-03
4.123112041270360242e-04
2.012983948225155386e-03
1.429603673750534740e-03
4.125982799450866878e-03
1.954699196503497521e-02
5.047261790605261748e-03
5.945942725520581180e-03
2.183905651327222499e-03
3.693583793938159856e-03
4.279658349696546446e-03
9.613690082915127711e-04
1.570625149179250089e-03
1.739162468584254341e-03
2.612109767505899158e-03
1.223662181291729168e-03
2.182496909517794761e-03
1.765548900584690186e-03
2.074147760868072683e-03
6.918944069184363105e-04
2.858106975327246065e-03
7.805861008819192431e-04
9.294420247897505977e-04
1.469838235061615792e-03
1.225542585598304911e-03
9.420845046406612234e-04
1.220510358689352913e-03
1.398172159679234071e-03
8.294938073959201357e-04
1.359614043030887755e-03
1.014991104602813634e-03
1.288792397826910062e-03
1.070408354280516505e-03
1.149929733946919354e-03
1.199877861654385881e-03
1.157602306921035008e-03
1.391335623338818550e-03
1.374017872149124785e-03
1.324249699246138421e-03
1.310294592985883312e-03
1.441679248819127592e-03
1.333932054694741921e-03
1.502485410310328050e-03
1.109849323984235482e-03
1.290281733963638457e-03
1.176739780930802226e-03
1.677100264350883576e-03
1.202576729701831850e-03
1.195040554739534768e-03
1.448048290330916600e-03
1.571548049105331215e-03
1.267597777768969536e-03
1.345168729312717958e-03
1.487936818739399227e-03
1.442678447347134352e-03
1.121879013953730421e-03
1.537727727554738478e-03
1.406251249136403203e-03
1.385782205034047365e-03
1.075422856956720352e-03
1.627487596124410629e-03
1.214657141827046915e-03
1.321012852713465691e-03
1.292694092262536201e-03
1.320056943222880450e-03
1.397272991016507105e-03
1.160742057254537897e-03
1.387450029142200947e-03
1.112067000940442172e-03
1.362168655032292052e-03
1.346463395748287439e-03
1.145351061131805095e-03
1.323276868788525462e-03
1.315150252776220484e-03
9.160754212643951394e-04
1.301663473714142994e-03
1.392475602915510492e-03
9.853980329353362756e-04
1.366918493295088324e-03
1.293963810894638300e-03
1.016723347129300323e-03
1.204735192004591227e-03
1.347926195012405471e-03
1.134154968895018101e-03
9.523911576252430677e-04
9.822175794397479918e-04
1.382683387055294501e-03
6.907102651894092560e-04
1.140900398604571906e-03
1.039825828047469215e-03
1.197385357227176471e-03
9.653373446781188683e-04
1.040758704766631040e-03
1.025761943310499191e-03
1.150482980301603762e-03
1.029866311000660062e-03
9.622811339795589447e-04
1.143564324593171477e-03
9.506103058811276717e-04
1.025446952553465962e-03
1.273280178429558786e-03
9.243059495929629044e-04
1.005408010678365913e-03
9.576287586241960959e-04
1.053796807536855383e-03
1.066543778870254842e-03
1.088557159528136340e-03
1.047561800805851774e-03
1.016934087965637532e-03
1.059280231129378124e-03
9.723318624310195012e-04
1.066605938831344247e-03
1.142605266068130732e-03
9.652989159803837321e-04
1.064617047086358157e-03
1.102466648444533391e-03
1.018584374105557843e-03
9.009575587697327137e-04
1.013020903337746945e-03
1.159306342015042944e-03
9.963073127437383370e-04
8.825115801300853491e-04
1.208062696969136682e-03
9.572091104928404526e-04
9.743169590365141847e-04
8.610612814663909809e-04
1.288430466956924647e-03
5.875737260794267058e-04
1.071318634785711765e-03
1.156078669009730263e-03
9.921644115820527510e-04
1.017517381114885211e-03
1.034784229705110149e-03
9.945016470737754865e-04
1.078985491767525760e-03
9.277613135054707527e-04
1.057193439919501543e-03
8.941446547396480603e-04
1.143349328776821407e-03
9.171879792120307684e-04
1.024996209889650388e-03
1.029699592618271752e-03
9.782078152056783871e-04
1.022493507480248765e-03
9.467993106227368550e-04
1.083502790424972729e-03
1.020162727218121247e-03
9.684086428023875193e-04
8.364721899852157073e-04
9.601776604540645859e-04
1.170639571500942068e-03
9.969861072022466984e-04
1.030114485183730808e-03
8.810674538835882924e-04
9.016477793920785406e-04
1.022746693342924031e-03
1.006871962454170075e-03
8.724985236767679453e-04
1.137568353442475200e-03
1.009651451022364286e-03
8.194350521080195904e-04
1.116962538799271031e-03
9.912355104461311427e-04
9.749839722644537470e-04
9.057728690095246055e-04
7.502603868488222794e-04
1.318108126724837348e-03
6.543587020132690885e-04
1.041669194819405675e-03
9.352410444989800887e-04
1.025937043596059041e-03
1.040715153794735627e-03
8.662335167173296213e-04
9.074149362277239778e-04
1.030433952109888196e-03
9.578260476700961156e-04
9.710422309581190348e-04
8.192760637030005238e-04
1.065796246984973637e-03
1.051094051217660351e-03
7.978462497703730626e-04
9.210866177454590581e-04
9.138048044405877590e-04
9.314477385487407880e-04
9.339602314867079041e-04
1.030376384733244777e-03
8.078985265456140041e-04
1.038420700933784290e-03
9.353417437523603873e-04
9.669648017734289603e-04
8.540365262888372378e-04
8.837769564706832170e-04
9.267041925340891318e-04
9.596905030775815682e-04
7.473114383174106479e-04
1.034811825957149311e-03
8.260416099801660018e-04
8.255325054051354094e-04
9.899862925522029400e-04
1.038643869105726524e-03
7.958022004459052844e-04
9.371835447382181449e-04
9.610369859728961749e-04
8.761064324062317827e-04
7.698094006627798514e-04
8.015611208975314660e-04
1.233736301946919325e-03
4.191474261460825909e-04
1.027664550929330333e-03
9.850868722423911962e-04
8.652660239022224925e-04
8.886348397936672406e-04
9.192360797896981022e-04
8.429309411440045075e-04
8.874016581103205898e-04
1.001147634815424594e-03
7.943121192511171536e-04
9.344056568806990547e-04
8.721603342564776106e-04
7.729395467322320180e-04
8.990775095298886299e-04
9.670189640019089417e-04
8.212240180000662370e-04
8.515676483511925177e-04
9.461811743676662879e-04
9.262228966690599485e-04
7.594324648380279758e-04
1.077331288252025929e-03
7.465878152288496494e-04
9.742808353621513085e-04
8.255481137894093773e-04
8.587962074670940638e-04
9.581314632669090791e-04
7.665838318644091053e-04
8.670876501128077724e-04
8.500155061483382745e-04
9.318549768067896149e-04
7.052847067825496197e-04
1.007110808859579222e-03
8.753896720008925037e-04
7.882835518103093343e-04
9.217499988153577068e-04
8.113766030874103525e-04
7.681495626457035542e-04
9.480045526288449331e-04
6.723261038132477118e-04
1.096056537062395407e-03
7.400486181722953482e-04
8.041758905164897225e-04
8.417594421189278147e-04
8.424135681707412221e-04
9.679087670519948006e-04
8.119733538478612900e-04
8.182426623534411409e-04
9.159807406831533150e-04
8.511656254995614073e-04
8.522096206434071498e-04
9.126538614509626789e-04
8.305470866616815762e-04
8.596962317824364142e-04
8.101355691906064532e-04
9.272789699025452354e-04
7.700156653299927928e-04
9.971170162316410866e-04
6.901881657540798404e-04
8.325268165208399729e-04
9.828242589719593091e-04
9.323398175183683417e-04
7.819974736776203351e-04
8.939320396166294813e-04
8.195986563805490299e-04
9.613278380129486322e-04
9.770473407115787268e-04
6.159032607683911486e-04
8.943148888647556739e-04
1.056325156241655350e-03
6.937090103747323589e-04
1.014580775517970324e-03
9.936437010765076117e-04
7.577389013022183938e-04
1.082873338600620671e-03
1.036926810047589199e-03
3.391680472304869909e-03
5.587436613859608422e-03
7.586276682559400580e-04
5.151803541230038155e-03
1.009871310088783503e-03
5.002883350431639072e-03
5.255764839239418854e-03
3.738206776324659499e-03
7.613523455802351236e-03
5.585608119145035570e-03
3.760807099752128124e-03
2.156929834745824250e-03
6.153550249291583722e-03
1.514969614800065799e-03
3.695037087891250675e-03
3.426080066128634003e-03
5.162854521768167441e-03
9.234460856532677574e-04
1.896236592438072053e-03
1.259316634968854530e-03
3.867824374174233439e-03
2.203385962639004079e-03
2.811730981920845980e-03
5.799327947897837000e-04
3.510632038523908531e-03
3.006661756080575201e-03
3.355847511556930840e-04
2.710701050818897957e-03
3.004305564536480146e-03
1.387576950946822762e-03
1.631690288195386486e-03
1.412135659484192642e-03
6.316289098322158246e-04
2.118615910148946568e-03
3.137844059529015708e-03
4.170799496932886324e-04
2.359033952234313065e-03
1.092463042004965159e-03
1.230327700613997833e-03
1.026200110209174367e-03
1.455729085137136281e-03
1.339501288020983252e-03
1.367706103337695822e-03
1.402313571015838603e-02
4.533803614322096001e-04
1.198107744858134495e-03
8.341619948623701496e-04
8.662938547786324999e-04
9.531567455269395871e-04
1.082847587531432423e-03
9.314834489487112002e-04
9.258442907594144778e-04
1.103240746306255416e-03
9.105969278607517264e-04
9.374288260005414269e-04
1.040025893598794981e-03
9.064766694791614792e-04
8.368556213099509261e-04
1.045497180894017263e-03
9.831497911363840537e-04
9.405515680555254438e-04
9.868192137219011784e-04
8.953042444773018794e-04
1.085419196169823451e-03
8.702770515810698488e-04
9.940439835190773878e-04
9.808520670048892064e-04
7.543893152615055442e-04
9.779078420251608329e-04
1.076447276864200744e-03
9.683808661065995476e-04
8.660537976538762017e-04
7.954342901939526634e-04
1.094436750281602101e-03
1.020067022182047367e-03
7.758475374430417581e-04
9.278119483496993997e-04
9.520150662865490155e-04
9.702264273073524020e-04
9.409565886016934893e-04
8.211341919377446175e-04
1.019705808721482667e-03
9.504573594313114665e-04
5.462494194944156117e-04
1.394517005974194078e-03
4.604653848218731691e-04
9.794979647267608967e-04
1.129268622025847392e-03
8.368220034753904180e-04
8.479183714371174140e-04
9.508386603556573825e-04
9.674744040239601894e-04
8.863596303854137659e-04
1.002102607162669258e-03
8.808244660031050227e-04
8.286806754767894528e-04
9.989080193918199214e-04
9.030848625116050677e-04
9.208646893966943242e-04
9.053276793565600894e-04
9.284371859394014099e-04
7.749677984975278594e-04
9.658627735916524909e-04
9.617368283215910413e-04
7.178713247412815256e-04
9.500391490291804509e-04
8.894590544514357610e-04
1.024554250761866570e-03
8.156047726515680985e-04
8.459442120511085012e-04
8.798877126537263827e-04
8.967228699475526593e-04
7.941136369481682994e-04
9.246248693671077924e-04
9.002045670058577819e-04
8.817178953904658339e-04
8.930738375056534572e-04
9.560829610563814206e-04
7.242720690555870750e-04
8.216791495215148167e-04
9.750771569088101387e-04
9.197666717227548144e-04
6.626195798162370487e-04
7.600859249578207017e-04
1.180879227831610478e-03
3.336269815918058374e-04
1.054562011267989787e-03
9.111230087000876448e-04
7.172082201577723243e-04
9.120149945374578671e-04
8.432258502580225901e-04
8.815985638648271561e-04
8.188125095330179171e-04
8.232610009144992070e-04
8.914288715459406593e-04
7.280560908839106777e-04
8.471671375446021340e-04
8.842044277116656520e-04
7.851189409848302169e-04
8.905211114324628873e-04
7.876877498347312212e-04
8.219822833780199072e-04
8.607575728092342615e-04
8.220724819693713947e-04
8.230998530052602725e-04
7.979750458616763570e-04
8.835267391987145381e-04
8.363109896890819290e-04
7.000950048677623055e-04
9.710600657854229429e-04
7.772761920932680802e-04
7.692239363677799485e-04
9.091599960811436610e-04
8.160272904206067107e-04
8.249973237980156920e-04
8.581289148423820734e-04
7.678760972339660146e-04
8.591294405050575950e-04
8.386367378989234133e-04
7.451164128724485636e-04
8.536783629097044251e-04
8.435334428213536306e-04
7.318058633245527744e-04
6.479680523625575006e-04
1.160224742488935633e-03
3.639114627731032778e-04
9.913944581057877216e-04
7.867034524679184177e-04
8.914702979382127307e-04
6.226314726518467069e-04
9.140979615040123680e-04
9.140434878645465212e-04
6.530201528221369223e-04
8.340760366991161866e-04
7.229784678202122450e-04
9.088410937692969821e-04
7.524217508034780622e-04
7.537852216046303511e-04
7.994991901796311140e-04
8.042652800213545995e-04
8.661592728458344936e-04
8.448034379398450689e-04
7.014204660663381002e-04
7.668367004953324361e-04
8.219590410590172248e-04
8.185188053175806999e-04
7.711378508247435310e-04
8.362578577362000725e-04
7.845484942663460970e-04
7.723822083789855675e-04
8.276652952190488577e-04
8.076545025687664314e-04
7.081007759552448554e-04
8.263498370070010207e-04
7.060193922370672660e-04
8.734917559195309661e-04
6.965163513086736636e-04
7.486370624974370436e-04
7.971779501531273343e-04
8.567348530050366683e-04
6.922465341631323316e-04
7.133336737751960321e-04
9.119301103055477142e-04
4.712588510301429561e-04
1.063393136428203520e-03
5.822348757646977901e-04
7.207777176517993429e-04
9.511684824246912978e-04
6.317351304460317113e-04
8.106195891741663218e-04
7.759195519611239650e-04
7.398365996778011322e-04
7.825488282833248377e-04
8.106951252557336850e-04
7.928125734906644063e-04
6.632191245444119410e-04
8.333016885444521904e-04
7.588086125906556411e-04
7.762515568174421354e-04
7.200769439805298610e-04
7.571697351522743702e-04
8.126978180371224447e-04
7.452785910572856231e-04
7.274194096680731015e-04
7.716478779911994717e-04
8.001548761967569373e-04
7.298256212379782958e-04
7.686930883210151954e-04
7.608912361320108392e-04
7.644763332791626670e-04
7.959140581078827598e-04
8.154920476954429908e-04
6.860076158773153803e-04
7.384102791547775269e-04
7.522235042415559509e-04
7.893732632510364272e-04
7.512477051932365136e-04
6.491209438536316373e-04
8.132503135129809380e-04
7.135666674003005028e-04
7.463133661076426506e-04
8.596501837018876834e-04
7.433225400745868683e-04
4.883504509052727805e-04
1.055253946105949581e-03
6.257623113924637654e-04
7.798216305673122189e-04
7.408917823340743997e-04
6.863266113214194991e-04
7.775815582135691805e-04
8.002472750376909971e-04
6.629070208873599985e-04
7.925276586320251226e-04
7.741301960777491331e-04
6.529610487632453658e-04
7.669455604627728679e-04
7.526893605245277286e-04
7.367883925326168103e-04
7.428663200698792501e-04
7.158159394748508497e-04
7.628341089002787633e-04
7.049366162391379259e-04
8.443857426755130074e-04
7.172323064878582521e-04
6.919419160112738392e-04
8.267814759165048382e-04
5.741950415540486140e-04
8.958839316619560122e-04
6.763545447029173157e-04
7.095544890034944253e-04
7.691069564316421964e-04
8.098388323560356660e-04
6.298214459093288021e-04
6.844879011623561165e-04
7.457796629751101570e-04
7.805489643942564509e-04
9.505974943749606393e-04
3.076176344062374855e-03
3.232380767585709552e-02
8.182990292402240670e-03
7.308235485106706272e-03
4.991405655164271767e-03
9.440192347392439842e-02
1.337038117926567758e-02
8.476512331981211901e-03
