1.548058700561523438e+01
3.265593051910400391e+00
7.287895117575923232e-01
8.299157488346099454e-01
8.992676222324371693e-01
1.453408594089746373e+02
1.349555835962295589e+02
1.011789927279949239e+02
1.097527409362792952e+02
2.078765678596496684e+02
2.349209088277816875e+02
1.351753061914444061e+02
1.320632315182685943e+02
1.269365801048278826e+02
8.649912715315818446e+01
6.815716210722922597e+01
7.201613960623741661e+01
7.881636391520500240e+01
1.111203055858612032e+02
6.481118098020553475e+01
7.756256670594216018e+01
5.826126047968864441e+01
4.079528686702251150e+01
4.930626923680305396e+01
1.564356533384323029e+02
1.385167335963249116e+02
1.126120176410675100e+02
1.437000983643531811e+02
1.839042999792098954e+02
1.628731365656852859e+02
2.371111689734458992e+02
2.595656589031219710e+02
1.749543522071838311e+02
9.421296603918075618e+01
7.740518659114837874e+01
3.695467160105705062e+01
1.291591223847865990e+02
5.785004183411598433e+01
9.599481870889663071e+01
7.910305247068404810e+01
1.026689296758174947e+02
1.166141379904747026e+02
1.233479201507568348e+02
7.907435973405837615e+01
6.903168111085891212e+01
3.277029019117355091e+01
3.782968018770218066e+01
2.692225328326225409e+01
1.445933542966842644e+01
5.552250067591667282e+00
5.632478246688842560e+00
6.750398083925246873e+00
2.681207469701766932e+00
4.800771847963333450e+00
5.577591526508331121e+00
3.163897464275359894e+00
1.184748292803764400e+02
1.704590481138229450e+02
2.024210228633880604e+02
2.625280281782150382e+02
3.099732666730880624e+02
4.643501018285751343e+02
4.138831514930724893e+02
8.256175549030303955e+02
7.632248024177550860e+02
4.946900650405883653e+02
7.292703181552886917e+02
2.893293222630023820e+02
6.188715305900573185e+02
3.303139921665191423e+02
2.964767118382453646e+02
1.908090879356861080e+02
9.995495719194411777e+01
3.000063417196273718e+01
7.052159955739975317e+01
7.514549967288971288e+01
5.443383255004882670e+01
6.005591839313507307e+01
1.718960217523574840e+02
1.713715408205985966e+02
2.163343928289413327e+02
2.510481918573379403e+02
2.827313121318817366e+02
1.832854122734069904e+02
2.200117552185058685e+02
3.075191077661514214e+02
2.247378645038604645e+02
1.514715005207061722e+02
1.569073886799812385e+02
8.848448949098586525e+01
1.078258124351501408e+02
3.951489488601684741e+01
1.342003534889221328e+02
7.666400202751160009e+01
3.963240340828895825e+01
4.976927999496459876e+01
2.703592333674430748e+01
1.440449248337745587e+02
1.111892824625968927e+02
1.301239853906631367e+02
1.624806758260726838e+02
1.070317006516456644e+02
7.358729600071906418e+01
5.376925802707672375e+01
9.897947460532188302e+01
9.190107719898223593e+01
1.339947995877265896e+02
1.021845433950424251e+02
8.966153101682662907e+01
1.191455839562416088e+02
1.711149098968505768e+02
1.235088959097862187e+02
1.079236961317062367e+02
9.555156870603561003e+01
7.454012711286544857e+01
1.188518951988220209e+02
1.245474408149719210e+02
3.935621272325515463e+01
4.286002256155013868e+01
2.433147591948509358e+01
5.808256276845931865e+01
7.515352576375008198e+01
5.819876836299896183e+01
5.325226619958877450e+01
5.600938590764999248e+01
8.448511399269104061e+01
4.518682547330856636e+01
4.791877952456474077e+01
6.409913977742195357e+01
6.149242229700088558e+01
4.952202082395553617e+01
1.002840807986259506e+02
4.602700077056884709e+01
1.140673490560054830e+02
1.704694870972633396e+02
1.119030393445491853e+02
1.633385952091217064e+02
1.949898752403259152e+02
4.723641898250579629e+02
4.250258415222168082e+02
3.945455389785766442e+02
3.711148980665207091e+02
3.212158065557479745e+02
3.819463822174072334e+02
2.613958269214630263e+02
1.393626113104820377e+02
1.190381588935852051e+02
4.798861296653747388e+01
7.052712919950485571e+01
8.730387308597565266e+01
8.682485049247742381e+01
7.344419784545898722e+01
6.595158296823501587e+01
6.835919765949249438e+01
1.501197376656532185e+02
1.075366890335082957e+02
6.367510360956192272e+01
2.808289197325706610e+01
1.192185146570205667e+01
7.060720475316047740e+00
5.318971985578537343e+00
4.923261277079582499e+00
6.192053128480910829e+00
6.373687503337859717e+00
4.911108103990554419e+00
2.114656046986580051e+01
2.430090737104415766e+01
2.368628679871559228e+01
7.646803314685821817e+01
1.055804299020767161e+02
1.422837828040123043e+02
1.195672841572761484e+02
2.194858439350128094e+02
2.218503559064864987e+02
2.665571814298629647e+02
3.380975841760635490e+02
2.922881490278243746e+02
3.378918700981139978e+02
3.259065542411804017e+02
4.127326894330978462e+02
3.496775925683975288e+02
3.661682467889785926e+02
4.779317228603363219e+02
4.357482590818405015e+02
3.934981494665145760e+02
4.801163987064361436e+02
6.002598186588287490e+02
7.015510416889190992e+02
4.572536852169037047e+02
6.692781622982024601e+02
6.079472475242614564e+02
4.042979765892029036e+02
4.968578416252136094e+02
5.685551216888427462e+02
4.345664837265014739e+02
2.345713513660431033e+02
3.371993458318710282e+02
2.665023047018050875e+02
2.408643090152740456e+02
4.295887344074249086e+02
4.736488520002365021e+02
3.841327694606781051e+02
3.664785250949859687e+02
4.480498450613021646e+02
3.476223828506469999e+02
2.377629209995269832e+02
1.914229297065734841e+02
1.775656674742698726e+02
2.135064601135253781e+02
3.290737703800201643e+02
5.284133932685851960e+02
3.678306701469421114e+02
5.613794460248947189e+02
6.777226586341857910e+02
5.949084886646270434e+02
5.608667504215241024e+02
6.630662998008727982e+02
6.691993673515320324e+02
3.900436278247833002e+02
7.731593395233154524e+02
6.290727413749694961e+02
7.381824122428894270e+02
3.609180976772308327e+02
7.033402299118041583e+02
5.953939213275909879e+02
6.306687718057632992e+02
3.858433240127563408e+02
3.117951798582076890e+02
3.264421233177184831e+02
2.796429853582382066e+02
3.675692362689972015e+02
2.381740858125686771e+02
2.794261993122100876e+02
2.027438043689727749e+02
2.334245011901855378e+02
3.712504469299316270e+02
3.866874574851989905e+02
1.682605731368064994e+02
8.423926490068436124e+01
9.489119931221007676e+01
5.916626163005828687e+01
6.384942556619644449e+01
9.922376370668411028e+01
1.658575138831138531e+02
1.512508277416229134e+02
2.817379988121986116e+02
1.514721062827110245e+02
2.421965893626212960e+02
2.882189773368835404e+02
1.632025782203674282e+02
1.756279811644554059e+02
7.836452886819839136e+01
1.298162150502204959e+01
1.367655993962287937e+02
1.732650322079658451e+02
4.044969795584678707e+01
2.050721675670147022e+02
2.425226582932472184e+02
3.888057356500625588e+02
3.775889138984680358e+02
3.082112895250320435e+02
2.797075982141494706e+02
5.028627161216735999e+02
6.016425890159606524e+02
3.987982076168060530e+02
3.224091706180572601e+02
4.451300815629958834e+02
6.276659656715393112e+02
4.877394095373153959e+02
4.622918220329284509e+02
4.216502526855468886e+02
5.309643285274505615e+02
4.344010027790069444e+02
4.364556931591034186e+02
3.331694572162627992e+02
2.872561531782150155e+02
1.770799284648895195e+02
1.124672361183166487e+02
8.546329249382019100e+01
2.748266812920570246e+01
2.705757093429565607e+00
4.261291306018829772e+00
3.304993689060211182e+00
5.402472355365753209e+00
2.638630487680435266e+01
8.839336399793624821e+01
1.172346964550018242e+02
2.105072611689567452e+02
3.243086581754684516e+02
2.498411533212661766e+02
2.122678234386443989e+02
2.835912705445289816e+02
2.282071914815902574e+02
3.081128883314132736e+02
3.077703997325897376e+02
2.605451978445053101e+02
2.435824150657653888e+02
2.089652841186523347e+02
2.915929508972167810e+02
4.027032574462890580e+02
3.643107996177673158e+02
4.367290384292602425e+02
5.534244417285918871e+02
4.771568695735931556e+02
4.397630254745483285e+02
5.258513134956359636e+02
6.361850507926941418e+02
7.590235083770752453e+02
5.764897780227661315e+02
5.958790556907654263e+02
4.942085251426696573e+02
6.949890473937988418e+02
3.155032284641266074e+02
4.131446534919738838e+02
4.297095984315872101e+02
4.496481938266754241e+02
5.283346705675124895e+02
3.290953375053405807e+02
3.487024917459488051e+02
3.564096127414703119e+02
2.080098584890365601e+02
2.118941804504394497e+02
2.003184282326698167e+02
1.546479971528053170e+02
2.128806048488617080e+02
2.558660084867477451e+02
1.203761805248260544e+02
3.182522658157348587e+02
3.622813938283920265e+02
5.126587120246887253e+02
5.365211647653579803e+02
7.411517352676391965e+02
5.341496468544006575e+02
3.819769100952148619e+02
4.691377838516235101e+02
5.228018889427185059e+02
5.202168811225891432e+02
5.995356035804747989e+02
3.811412907314300469e+02
3.888459366798400652e+02
3.205378564071655205e+02
2.856545212173462005e+02
3.039837144994735922e+02
3.989345065307617233e+02
3.118307462453842049e+02
2.500543532562255962e+02
1.679854982209205616e+02
1.088547012269496861e+02
2.275935116195678631e+02
1.721915542554855278e+02
2.169552425861358529e+02
2.454490684890747048e+02
3.329760350751876672e+02
3.502082783317566168e+02
2.046683255863189572e+02
3.046982403469085625e+02
3.721743011093139444e+02
2.968074565553665138e+02
2.015857275438308704e+02
2.636395196628570829e+02
2.345517627620696999e+02
2.260878943395614726e+02
2.066728410768508866e+02
2.405950964236259324e+02
3.096380795001983870e+02
3.027872063541412331e+02
2.685919147205352715e+02
2.695224318122863565e+02
3.159573981046676749e+02
3.428210982227325303e+02
3.907902725791931289e+02
1.913598484134674038e+02
1.902823206901550179e+02
1.496860145378112747e+02
2.897702640247345016e+02
2.248247020053863423e+02
2.365525941562652577e+02
2.796202542114257881e+02
1.325319873809814339e+02
2.942600332117080484e+02
2.870474471187591803e+02
2.778971102905273369e+02
2.309038382911681992e+02
2.629826412773132347e+02
3.076629115962982155e+02
2.055432683992385989e+02
3.223892465353011971e+02
2.680140096759795938e+02
1.835792206621169953e+02
2.352227858829498359e+02
1.860822345495224113e+02
2.428381048583984239e+02
2.238671839237213135e+02
2.291674625730514663e+02
1.855340818643570060e+02
2.006311194992065339e+02
1.545525405478477410e+02
2.209457851219177371e+02
2.323501771497726338e+02
1.735853023672103745e+02
1.371190731501579307e+02
2.288559362602233875e+02
1.736814907360077029e+02
1.609568338537216050e+02
2.482839585447311492e+02
1.961484611892700229e+02
7.933167009830475536e+01
1.142430146789550776e+02
1.106199808979034458e+02
9.322334621906280461e+01
1.387341098403930744e+02
1.561479870462417523e+02
1.898329649257659923e+02
1.797215004062652497e+02
2.276318095779419082e+02
2.600683888053894179e+02
1.749372960662841763e+02
2.478512511444091899e+02
1.399139627790451073e+02
1.458309559249877907e+02
1.419584540796279839e+02
1.887486461257934707e+02
1.405902316999435300e+02
2.601302961111068726e+02
3.771727112007141045e+02
2.362482360553741501e+02
2.102554120159149136e+02
1.888991934108734085e+02
2.538750651359558219e+02
1.405369179272651650e+02
1.645214138174056870e+02
1.299295110416412342e+02
1.567990734624862625e+02
1.015954110622406006e+02
1.372306560039520207e+02
1.269637893533706716e+02
1.443385692691803115e+02
1.247619365262985269e+02
2.186772737169265781e+02
1.398870521545410099e+02
7.072939933300018822e+01
7.368778505802154655e+01
8.248823993682862010e+01
1.060641192531585659e+02
7.661441648006439209e+01
1.103514189434051502e+02
1.068253625154495268e+02
1.169648576784133951e+02
1.323327872848510651e+02
1.738254220104217609e+02
1.872826536226272651e+02
1.896237488460540703e+02
1.697002860927581764e+02
1.350252732324600231e+02
1.392243289017677341e+02
1.639097827816009385e+02
1.116528971958160383e+02
1.048530137753486571e+02
1.313166107320785443e+02
1.872983323478698594e+02
1.332347672271728527e+02
1.250012103843689033e+02
1.819122136402130252e+02
1.822990278720855599e+02
2.021465859889984245e+02
2.112914891242980957e+02
1.488232072305679310e+02
2.236679817771911587e+02
1.715065674781799316e+02
1.268810645389556839e+02
1.231913850831985542e+02
1.075547367882728622e+02
7.393901129961014362e+01
2.392030131578445307e+01
5.185386757612228337e+01
7.543131725788116171e+01
2.051176305055618343e+01
4.921655554771423624e+01
5.139474557161331347e+01
6.659874709129333326e+01
6.023694091320037813e+01
8.396981798171997013e+01
9.999818314075470482e+01
6.263067565441131279e+01
1.099598917150497499e+02
1.105534707403183035e+02
1.066125898408889725e+02
2.812328977584838796e+01
1.198989924955368025e+02
9.642511821746826683e+01
1.129065287733077980e+02
9.602710146188735507e+01
9.285502691268921183e+01
6.250358171224593917e+01
3.640699032783508216e+01
6.439747800827026936e+01
6.657545633792877027e+01
5.374268218040466394e+01
2.706264008998870807e+01
6.333984020709991114e+01
4.342297505855560047e+01
4.736970026016235380e+01
3.143871612071990995e+01
5.063529747486114729e+01
7.083025870323180584e+01
6.903463249683380809e+01
8.585972038269042628e+01
7.493046733379364355e+01
2.767164883613586568e+01
7.207445608615874733e+01
1.118488565540313715e+02
6.641427035808563062e+01
8.902660304069519270e+01
9.197783094882964861e+01
3.326261209487915238e+01
7.410173664569855134e+01
4.773868484020233183e+01
6.814433202266693002e+01
5.467441926479339287e+01
6.415758271217346476e+01
4.644523221492767107e+01
5.571642972469329891e+01
1.589588002443313641e+01
1.294304309606552117e+01
1.779875988721847690e+01
1.734081866264343219e+01
1.152129310846328814e+01
1.737607602834701481e+01
3.023253773212432804e+01
1.118593188285827722e+01
2.898970470786094822e+01
1.706158166170120083e+01
1.212188405156135573e+01
1.321041925907135095e+01
1.814060296058654842e+01
1.662525170803069940e+01
1.843616664409637451e+01
3.088073628902435175e+01
1.952898713111877527e+01
1.245007063388824520e+01
2.158295436143875179e+01
2.742345023393631109e+01
2.690825509071349941e+01
1.002763671159744341e+01
1.891725162267685079e+01
1.903086587190627910e+01
3.511939562559128092e+01
3.936778568744659168e+01
3.231723382949829215e+01
2.692327257871627921e+01
3.878829291582107430e+01
3.342639874458313187e+01
3.220817619323730696e+01
2.986833338975906216e+01
1.779993481278419409e+01
2.839948597431182975e+01
2.523943231821060351e+01
2.377034974813461332e+01
2.560222618341445866e+01
3.164018891692161617e+01
4.271428524494171342e+01
3.491147216796875341e+01
1.906694787859916573e+01
1.524116310119628892e+01
3.765607075214386157e+01
1.252997297763824491e+01
1.134424624443054164e+01
2.214035964846610938e+01
1.599110590934753340e+01
9.979843878746033070e+00
1.356900720000266958e+01
2.069354067325592084e+01
1.227170532703399708e+01
1.207980958938598626e+01
5.255177717208862731e+00
3.168420932292938375e+01
1.396246645927429242e+01
5.114732027053833008e+00
4.892542554140090871e+00
4.960961990356445028e+00
1.074403772354125941e+01
1.640704021453857564e+01
1.556004430294036922e+01
1.808963608741760254e+01
1.577912180900573702e+01
2.243932166814803963e+01
2.245583659887313743e+01
1.110045296072959964e+01
2.007578686475753926e+01
1.334683290600776751e+01
2.451461978197097835e+01
1.288440761089325015e+01
2.993491958141326847e+01
2.726551942706107923e+01
1.937270334243774528e+01
2.893943094253539883e+01
3.047684006690979075e+01
3.997653758049010975e+01
4.795928160667419604e+01
2.996655771732330464e+01
6.627898019313812483e+01
6.944366805076599292e+01
7.121491489410399822e+01
2.819227903366088839e+01
8.003038363933563915e+01
6.705064204692840235e+01
4.033596135377884195e+01
2.729676593065261869e+01
1.252444472789764340e+01
1.961209343671798777e+01
1.283101919412612979e+01
1.648716171741485681e+01
2.380589368343353129e+01
1.412798079490661607e+01
2.814345372200012108e+01
1.831078651666641122e+01
3.554538662910461255e+01
2.893741389274597253e+01
2.683268109560012959e+01
2.341847903013229271e+01
1.906767959594726491e+01
2.459486276626586942e+01
1.321084287643432553e+01
2.492037223815917812e+01
1.984815128803253259e+01
1.276397580146789501e+01
3.336210684061050102e+01
1.662694954633712641e+01
2.549793049812316781e+01
3.025962845325469885e+01
2.087843644380569330e+01
1.671104432106018223e+01
1.340213253498077428e+01
2.797271717548370518e+01
2.259909934282302757e+01
1.966041386127471924e+01
1.801759558200836153e+01
1.349966448783874462e+01
1.531269758462905806e+01
2.019045219898223920e+01
1.218986529111862183e+01
2.038215088605880609e+01
1.580480463504791189e+01
1.372631065964698749e+01
3.264894363403320199e+01
2.069129879951476880e+01
2.389249709844589376e+01
1.276268835544586189e+01
9.809181604385376119e+00
1.623021798133850169e+01
2.679515398383140479e+01
2.323524895906448506e+01
2.488448842525482263e+01
1.821573788881302036e+01
2.474954617977142490e+01
1.949284763813018628e+01
1.083014898777008028e+01
8.148603534698485973e+00
1.037250131607055614e+01
1.353808332920074520e+01
1.093041503190994312e+01
1.763696650028228774e+01
1.344237483978271541e+01
8.714065537452697185e+00
2.056643681526184153e+01
1.843759916543960742e+01
2.155879534721374569e+01
1.699576985478401170e+01
2.207027129650116137e+01
1.887286213636398458e+01
1.381959501266479506e+01
1.917960806012153796e+01
1.565984595775604227e+01
1.561324460506439138e+01
1.412002186059951825e+01
1.097761717319488461e+01
8.002852406501769877e+00
1.049951384067535365e+01
1.138921815872192411e+01
1.071376369953155461e+01
1.549840734958648625e+01
2.232139967918395840e+01
2.170219491243362597e+01
1.700181848526001005e+01
1.781976193428039679e+01
1.475309237480163560e+01
1.940027285099029442e+01
1.542352841854095402e+01
1.688028614521026682e+01
2.723140057563781724e+01
2.408825732946395703e+01
1.538628003120422427e+01
2.533782565116882424e+01
1.760796413898468060e+01
2.305216054439544848e+01
1.433222360372543314e+01
1.051667822837829647e+01
1.078605487823486264e+01
1.319175878286361758e+01
1.308177980899810855e+01
1.132412886142730635e+01
1.019245296239852827e+01
6.899736943244934473e+00
5.692718615531921600e+00
1.036024923801422126e+01
1.281364392280578635e+01
1.813499199628829928e+01
2.758479286670684871e+01
5.598434604167938033e+01
4.700561155796051338e+01
3.287633855342865274e+01
2.475898061752319279e+01
3.361703558921814050e+01
3.409396925449371452e+01
2.051492014408111686e+01
9.767005174160003023e+00
1.032448752880096521e+01
1.311388730049133322e+01
1.808888978958129812e+01
2.137525775909423942e+01
1.246027329206466661e+01
1.829380752801895227e+01
1.177533001065254226e+01
1.135034072399139404e+01
1.733364334583282584e+01
6.899142565727234278e+00
5.290005869865417765e+00
1.209051795959472742e+01
5.413005437850952006e+00
1.842865643501281880e+01
1.107344624757766738e+01
5.398123550415038885e+00
1.166625811100006160e+01
1.258695166587829561e+01
1.233465425968170237e+01
1.502717914581298864e+01
1.283207265853881829e+01
1.580394355773925774e+01
3.577984204769134635e+01
2.582335886001586900e+01
2.753428138256073154e+01
2.340294704914093060e+01
2.020798218011855951e+01
2.470763982295990147e+01
1.904764517307281579e+01
2.273061439037322984e+01
1.330526441574096630e+01
1.645898046016693073e+01
1.213974749088287375e+01
1.428729663372039838e+01
1.079063726425170877e+01
2.043878385066986070e+01
1.829943161010742259e+01
1.721129668235778709e+01
2.070201051712036033e+01
1.755817183136939974e+01
1.457647781848907442e+01
1.670951266765594312e+01
1.277123390913009615e+01
2.306641420841216927e+01
2.890861140727996670e+01
1.991086143016815058e+01
1.250056594610214233e+01
1.369584609031677225e+01
1.040113953828811688e+01
1.014627053737640416e+01
1.941087141036987163e+01
1.572234589099883983e+01
7.312637233734131215e+00
1.596033532619476247e+01
7.446557492017745972e+00
1.401403668880462661e+01
7.841098847389221582e+00
1.323932919025421207e+01
1.188951495409011905e+01
1.096825044155120921e+01
9.012153954505921050e+00
1.061429480791091962e+01
1.574173458576202478e+01
1.362886183261871409e+01
1.184776250362396155e+01
1.311492727279663129e+01
1.396120096683502254e+01
1.288188610076904261e+01
1.102172176361083977e+01
1.526639764785766573e+01
6.380265511274338053e+00
6.592512962818145361e+00
6.840585417747497843e+00
1.387342303752899220e+01
1.318755516409873962e+01
6.123178219795226696e+00
1.738197806835174575e+01
1.348382163524627764e+01
8.343413381576537446e+00
1.637523915767669536e+01
1.667849375486373731e+01
1.588939949512481675e+01
1.094627050220966424e+01
9.802899197340011028e+00
1.432606985569000280e+01
1.859287899613380546e+01
1.456652539014816305e+01
1.670402136564254647e+01
9.871643450260162211e+00
1.359060164213180499e+01
1.150249096989631603e+01
1.809053338527679600e+01
1.228411399364471457e+01
1.248673129081726074e+01
1.680782993018627280e+01
1.279138973712921157e+01
1.397849472761154210e+01
7.769403142929077077e+00
1.485310466766357429e+01
1.497168552637100269e+01
1.717227775812149204e+01
1.282836738109588559e+01
1.572666021347045984e+01
1.233483833789825468e+01
1.328329194307327299e+01
9.725178022384643128e+00
8.807163701057433514e+00
6.206461925506591371e+00
7.208096408843994496e+00
7.165527014732361089e+00
