3.816696429515586408e-01
1.910876510664820671e-01
8.721984886042363772e-02
4.795155525207519392e-02
8.332804482395075873e-02
7.761508822441101629e-02
4.948093261983659702e-02
5.247278710854032246e-02
3.080772336446837081e-02
9.945179308004198707e-03
5.782923022617060711e-03
3.554509343134600735e-02
9.317458526929840723e-03
7.473858856278789084e-03
2.892508339684675758e-02
7.348613615128367013e-03
4.378506995271891702e-03
1.971941775952776310e-02
7.191384350880980839e-03
9.937833552248776306e-03
6.956303878809864776e-03
1.271049369165740128e-02
6.016357813496142799e-03
1.890695339534431783e-03
6.082695059012621988e-03
8.301935972961247898e-03
1.097602155059576069e-02
6.156638519511230777e-03
6.895086262375116348e-03
9.335613231745126112e-03
4.638709884602576494e-03
4.059910238720476454e-03
8.385331592752887780e-03
5.461606872268020760e-03
6.925709522329270493e-03
5.568863543491047591e-03
5.541154788807034839e-03
7.522832697988791895e-03
5.868936737533659090e-03
4.613734246231615370e-03
4.199463844997808337e-03
4.224666999652982105e-03
3.633463778533041390e-03
4.887643712572753082e-03
1.725799636915326118e-03
4.564554500393569643e-03
3.815070490236394281e-03
6.204225367400795395e-03
3.028264699969440612e-03
2.952168369665741834e-03
4.380882624536753048e-03
2.780045021791010922e-03
1.799514272715896411e-03
4.011394269764423197e-03
7.792540767695754550e-04
5.945944989798590194e-03
4.124628438148647655e-04
2.595189819112420169e-03
2.351780241588130507e-03
1.423484861152246551e-03
3.686563091468997213e-03
9.627490013372153261e-04
2.620882517658173864e-03
1.186834351392462763e-03
2.675314480438828295e-03
5.707356860511936681e-04
4.105496816919185221e-03
2.317348706128541489e-04
1.874903858697507444e-03
1.218691098620183679e-03
1.663295028265565634e-03
1.947416458278894424e-03
1.825434865895658688e-03
9.652871434809639833e-04
9.495505088125355759e-04
9.628091017657425948e-03
2.735963263694429683e-03
1.129857671912759542e-03
8.969500748207792206e-04
8.656957885250449397e-04
8.364542620256543593e-04
1.054383628070354505e-03
9.175254963338375092e-04
8.597379433922469833e-04
9.284936473704874732e-04
9.305555257014929815e-04
8.601299603469669385e-04
8.743273327127098603e-04
1.002127554966136857e-03
7.747193449176847935e-04
1.000744727207347751e-03
8.241457224357872768e-04
8.863552939146757126e-04
9.558380465023219369e-04
9.498258703388273282e-04
8.099317608866840167e-04
9.560533333569764657e-04
8.060140302404761098e-04
9.836589044425636964e-04
8.440408564638346434e-04
9.096402383875102238e-04
8.887992706149816079e-04
8.914627251215279102e-04
9.002100443467498259e-04
7.979664951562881470e-04
8.888237178325652642e-04
8.897522289771586873e-04
8.645304187666624784e-04
8.314280072227120616e-04
9.351200482342391989e-04
8.281816611997782967e-04
7.586054329294711135e-04
8.784884645137936094e-04
9.804855100810528235e-04
7.773472985718399503e-04
4.102691109437728301e-04
1.299153038780787115e-03
4.755178597406484187e-04
9.133161656791344285e-04
9.803432039916515350e-04
7.855371804907917976e-04
7.112872961442917152e-04
9.853997675236315403e-04
7.199603598564863639e-04
7.698402390815317414e-04
8.510062820278107903e-04
8.309837605338544087e-04
7.601574179716408253e-04
8.180212462320923805e-04
8.001234440598636649e-04
8.103725092951207919e-04
7.636969909071922519e-04
8.047786657698452039e-04
7.203091518022119999e-04
8.508662722306326032e-04
8.984559070086106224e-04
7.566155865788460212e-04
6.031844561221078472e-04
8.800898678600788550e-04
7.385228062048553987e-04
7.634475012309848829e-04
8.647655078675598340e-04
7.405863172607496814e-04
8.200251264497637966e-04
6.850298086646944284e-04
8.706873806659132676e-04
7.906124286819249175e-04
6.964362168218940280e-04
8.046755974646657705e-04
7.080787094309925816e-04
8.850582176819443920e-04
1.395226625027134928e-03
4.174177108722108842e-03
1.827798265730962244e-03
2.948643197305500421e-03
2.944047091295942577e-03
7.734058623159546786e-03
1.613034680485725446e-03
9.598012041533366540e-03
4.369297297671437263e-03
7.180387759581208576e-03
3.708686334920786518e-03
1.783507711661513938e-03
2.247332059778272932e-03
4.077028761093970735e-03
3.960788773838430643e-03
2.592082129558548245e-03
1.200931420316919641e-03
2.435318575589917427e-03
2.098564228799659585e-03
1.542581798275932670e-03
1.218034315388649659e-03
1.765608132700435817e-03
1.671231092768721326e-03
3.101811520173214289e-03
1.446949040109757421e-03
1.406561021576635626e-03
1.192105410154908895e-03
1.520438917214050846e-03
2.018662411137483927e-03
1.826857546984683766e-03
2.156564156757667747e-03
1.863817375851795034e-03
2.131067990558221763e-03
1.059585738403256983e-03
1.998732233187183564e-03
3.056515360367484217e-03
2.038284449372440750e-03
4.196593326923903078e-04
3.053762463969178411e-03
1.965796459990087810e-03
1.370678799867164430e-03
1.910490653244778514e-03
1.145476824603974819e-03
2.268851408734917554e-03
9.487183648161590316e-04
4.370005012606270785e-03
5.632669744954909858e-05
1.704252684066886970e-03
1.039359975620754960e-02
3.307233343002735724e-03
1.036918914178386374e-03
9.872418479062617259e-04
8.780306670814752579e-04
9.946799429599196152e-04
9.530469425953925090e-04
1.131661544786766215e-03
8.395749260671437003e-04
9.532389231026172638e-04
1.036136160837486343e-03
9.697979781776666858e-04
1.069575862493365916e-03
9.318480791989713690e-04
9.184964583255350590e-04
1.018416701117530422e-03
9.316967974882572672e-04
9.364361583720892234e-04
9.742370340973139243e-04
1.013903447892516938e-03
9.621977631468325420e-04
9.572556475177407698e-04
9.065074613317847035e-04
9.330735658295453028e-04
1.070262287976220337e-03
8.505970879923551841e-04
8.918742358218878074e-04
1.047859614482149569e-03
1.069034449756145477e-03
7.500313047785311504e-04
9.887285006698221402e-04
8.582796377595514276e-04
1.041440531844273296e-03
9.734555729664862373e-04
9.053511195816100077e-04
9.336889139376580932e-04
9.184054157231003263e-04
9.809847455471754941e-04
1.035326352575793906e-03
8.282290014903992631e-04
4.648210922823636901e-04
1.330158795462921349e-03
1.012382806220557584e-03
6.311264092801138975e-04
1.022638397989794525e-03
1.008748798631131562e-03
8.255512162577361085e-04
9.657751885242760398e-04
8.904182643163949685e-04
9.256231773179024241e-04
8.696489210706203742e-04
9.813068725634365840e-04
8.572308870498090982e-04
5.200187371849972900e-03
1.199975096387788723e-02
1.458031983929686248e-03
7.069939638313371688e-03
6.185329388245008669e-04
7.205607008654624050e-03
